426900|||8
617727|||13
242500|||14
888590|||11
705987|||10
361872|||7
1019936|||7
576521|||7
658729|||7
175335|||17
307896|||18
17161|||13
513957|||7
267585|||7
266117|||10
1021055|||7
627919|||41
644925|||8
893592|||7
1030646|||7
476674|||17
773862|||8
1065902|||7
1059712|||7
740686|||7
312059|||13
822869|||7
152597|||10
1087372|||7
172767|||7
424100|||7
405117|||16
247318|||25
286350|||35
564405|||15
268536|||18
1084560|||18
123098|||7
420619|||7
419012|||7
300158|||14
955538|||8
173580|||15
350612|||13
491408|||7
145215|||7
244352|||7
611400|||7
850572|||7
73842|||8
478716|||39
497670|||26
893891|||7
32605|||7
464770|||17
94017|||8
700243|||7
875357|||9
761287|||7
249052|||7
478775|||47
817549|||7
231256|||7
87878|||7
695432|||7
421210|||34
968099|||7
1166413|||7
1046601|||19
645522|||8
883915|||25
1120109|||35
312272|||7
770400|||7
1141698|||32
62904|||13
1096476|||7
1146565|||7
25308|||7
874432|||12
1028084|||37
187069|||8
553530|||37
560130|||8
526616|||7
1074459|||18
953279|||16
554623|||45
1061486|||7
895810|||22
809821|||39
875779|||8
454440|||62
926653|||7
490045|||7
442998|||7
407458|||8
625651|||7
913582|||7
810675|||19
646697|||16
1005796|||7
561837|||8
731093|||7
674849|||19
49558|||7
441409|||34
352608|||25
829399|||7
1022637|||7
243422|||7
938087|||7
352136|||23
636273|||16
989976|||7
25506|||7
405230|||17
908756|||15
365933|||12
394559|||19
398707|||24
1180663|||13
432694|||8
158857|||20
172824|||12
359177|||19
840081|||7
315853|||18
88890|||30
812149|||7
870194|||13
155254|||59
1560|||7
1104668|||16
942248|||11
356985|||7
309979|||12
10005|||22
79009|||13
366943|||8
492491|||7
767777|||19
422255|||33
150239|||8
563046|||26
314860|||9
892888|||7
945526|||30
601175|||16
767983|||7
862293|||7
517939|||15
237149|||11
389075|||8
425660|||13
315884|||13
58011|||7
1169051|||10
645044|||42
138528|||8
334572|||24
1064016|||9
187060|||7
398785|||41
1141806|||19
619764|||14
225104|||41
423882|||7
723972|||22
256002|||7
583989|||7
611103|||12
903291|||7
87625|||7
115946|||7
548565|||30
657325|||7
3629|||7
255616|||7
259259|||15
46485|||29
325369|||7
1111451|||23
34649|||7
150061|||7
826801|||7
576424|||7
541434|||22
959504|||7
709165|||7
788731|||18
5474|||7
1106099|||11
885483|||10
211824|||11
83116|||7
1083989|||13
939030|||15
163922|||7
782255|||7
433463|||15
866255|||16
479968|||7
726436|||7
517404|||34
684158|||7
1127943|||7
171355|||14
885381|||7
144821|||19
1105392|||7
996597|||7
926252|||9
38901|||11
652803|||7
514797|||36
557148|||8
603892|||14
810882|||8
392263|||8
464882|||8
614697|||7
322329|||7
1030120|||7
173140|||30
216220|||8
1021965|||7
335088|||40
1146826|||7
977223|||8
246800|||10
907694|||10
723806|||7
580522|||20
285617|||7
1099431|||10
625567|||7
173192|||7
321117|||7
72509|||11
238722|||13
789268|||48
685364|||7
296841|||16
657651|||20
536588|||11
1101998|||7
601342|||7
807255|||19
1028246|||10
72015|||7
482283|||19
224356|||8
17414|||34
231653|||15
261819|||46
28748|||7
297486|||56
282482|||7
617047|||18
779763|||7
132285|||7
902344|||10
88195|||7
923330|||7
581788|||35
103334|||24
130464|||7
842361|||7
287896|||7
332498|||7
497005|||7
98246|||8
913536|||42
511815|||7
1111770|||7
679776|||7
401836|||7
201299|||12
171964|||15
73743|||8
324965|||7
486330|||7
103272|||20
951868|||10
1146840|||11
507903|||11
719947|||12
43377|||19
653506|||7
564792|||8
989003|||33
723173|||18
722697|||22
877706|||7
200150|||7
964404|||8
730925|||28
407480|||7
509479|||50
59152|||7
642230|||21
498884|||7
271884|||24
684962|||16
551905|||7
88005|||7
1080667|||17
832718|||7
892500|||32
339359|||15
646562|||23
774894|||9
227607|||11
997926|||7
756141|||7
146947|||7
775252|||7
436100|||17
492217|||7
1092627|||7
419736|||29
441218|||31
1181160|||9
718574|||33
948139|||19
126979|||7
717142|||7
57684|||29
646881|||13
311493|||8
778313|||7
980854|||7
1114782|||10
1089742|||7
1120672|||20
552910|||12
829700|||7
446132|||7
1031699|||8
54220|||14
578748|||7
606031|||7
577590|||10
1026464|||37
242635|||8
115831|||9
113081|||7
585772|||11
565149|||16
563418|||29
234434|||7
472650|||16
348070|||7
386641|||7
1085124|||15
167319|||7
272793|||19
1175971|||7
38325|||11
108080|||18
942655|||7
42604|||7
1020135|||7
11997|||7
368613|||41
567609|||8
1030394|||7
897911|||7
24081|||21
477738|||10
378958|||7
482788|||10
5427|||7
153759|||7
376178|||14
1122708|||18
821500|||7
254835|||22
871131|||7
497414|||33
530833|||7
719560|||7
71467|||7
314653|||27
554455|||41
247945|||21
308933|||7
137974|||9
27523|||11
1122819|||7
900731|||8
880425|||7
965145|||7
914971|||7
135131|||26
1171962|||9
793736|||7
696865|||9
361938|||7
224071|||7
477099|||9
1038779|||7
272974|||32
29712|||8
396239|||7
509950|||12
89793|||7
67125|||10
753427|||7
507129|||8
1018963|||33
4851|||8
928796|||7
1062946|||7
220481|||21
258085|||7
1105113|||23
206271|||12
1078522|||36
244761|||8
317080|||16
401874|||22
880766|||7
421955|||22
259364|||7
616808|||7
1108969|||7
591297|||19
949889|||11
1132389|||26
202813|||17
738282|||8
321226|||7
784179|||13
47175|||7
905011|||17
268700|||7
321297|||7
696283|||7
32764|||10
871603|||9
185605|||7
1073026|||25
649676|||7
904352|||10
330338|||50
701500|||7
860900|||7
1067007|||8
917269|||11
467267|||28
295286|||13
441093|||7
72712|||14
417756|||7
204074|||7
842028|||14
897119|||20
514656|||9
1000590|||13
75088|||37
956513|||9
778629|||23
998419|||7
802168|||7
214339|||7
274239|||14
566129|||7
648249|||40
216475|||7
169943|||17
58930|||8
676062|||7
1013620|||7
491554|||17
1011991|||18
678300|||7
815598|||7
331457|||9
204687|||23
478263|||18
335454|||26
452443|||7
936738|||32
477575|||8
1125585|||7
111794|||7
358121|||7
919554|||7
166701|||42
375807|||7
595995|||20
325382|||10
228780|||11
403684|||30
945266|||20
630011|||7
319686|||7
452636|||7
323570|||7
51463|||21
112530|||29
207551|||11
789447|||7
486132|||7
737574|||7
382824|||7
470819|||14
169464|||8
66816|||14
357359|||25
1030016|||17
24278|||48
701210|||21
328985|||38
603176|||7
913168|||59
302572|||20
816766|||7
265676|||8
768194|||7
127963|||29
382196|||8
1079873|||10
338447|||40
368301|||11
808350|||14
85141|||9
599137|||26
1176671|||20
63482|||15
346572|||8
160695|||8
389512|||14
134666|||15
284896|||18
294774|||7
967551|||7
368497|||16
261598|||16
744804|||32
993449|||7
822148|||10
530463|||7
996989|||27
713793|||7
302110|||10
283966|||12
222343|||32
583667|||7
802547|||8
624391|||8
120526|||8
414001|||7
680927|||7
783459|||12
620360|||19
1080325|||7
808955|||18
88938|||18
474392|||7
580234|||18
593539|||33
119457|||7
126322|||7
678622|||23
661296|||7
22715|||7
904825|||32
933274|||7
232844|||8
203540|||7
554357|||7
234658|||7
887244|||7
793461|||7
621644|||13
142935|||33
589537|||7
1137800|||7
560303|||28
490444|||7
1094657|||7
1135051|||7
293287|||8
233704|||9
771833|||29
1073407|||17
700799|||7
20837|||19
1030125|||10
352227|||24
870401|||7
91169|||18
1068725|||12
98265|||42
181932|||7
30171|||11
772193|||7
544689|||12
865410|||7
157456|||7
503565|||7
271535|||31
329318|||10
310012|||34
127584|||15
498097|||27
1067563|||7
939250|||10
92759|||22
261271|||41
619645|||26
195924|||13
882898|||22
314682|||7
331585|||10
1153362|||7
457245|||8
327684|||20
144652|||7
496655|||7
1183454|||43
96387|||17
471292|||27
331460|||19
1159675|||7
546608|||7
990554|||7
618289|||7
337872|||8
888535|||15
576238|||9
920878|||7
4346|||7
616691|||16
137549|||11
119407|||16
831788|||12
224956|||7
542401|||7
501867|||9
577662|||12
438612|||8
545627|||8
821291|||24
339171|||7
1087689|||7
1016961|||19
576229|||7
527129|||37
455387|||7
959078|||7
261755|||21
201013|||8
80078|||17
107238|||62
609500|||7
376596|||7
288343|||8
260376|||21
16452|||7
623990|||7
1021369|||7
457237|||7
540623|||29
304320|||17
136867|||24
1165320|||7
926740|||18
663651|||7
1107308|||7
399846|||17
116816|||7
859722|||7
931961|||7
5424|||7
988637|||7
870714|||8
946847|||12
769106|||13
1153594|||11
824428|||41
128051|||21
299427|||7
943811|||16
14402|||7
57136|||8
277688|||10
444900|||8
193104|||32
457501|||7
979889|||7
31131|||8
209592|||26
446016|||22
74771|||7
224400|||45
424688|||8
717545|||7
623459|||8
847478|||8
794881|||15
599898|||16
858879|||14
784034|||7
335344|||8
540084|||9
766905|||21
422474|||7
1084444|||7
728105|||15
948602|||7
347402|||8
229933|||8
411910|||7
629389|||35
278089|||28
471971|||7
435399|||7
149701|||8
771059|||7
1085617|||20
172751|||7
40333|||7
730507|||23
198939|||7
22167|||7
556397|||8
327467|||7
70799|||25
408414|||7
156306|||16
141359|||8
510805|||11
1730|||11
142182|||7
501335|||8
540762|||8
165225|||15
1110566|||7
385574|||45
943506|||7
615977|||7
951872|||21
1102279|||15
955579|||7
397861|||21
525279|||14
282190|||7
346327|||7
830122|||7
158675|||31
857856|||7
517155|||7
127857|||7
1181115|||32
949493|||13
179284|||7
892743|||15
559857|||7
684516|||7
411057|||11
96904|||13
880747|||7
565653|||13
535854|||17
373463|||12
751521|||7
513867|||33
341127|||7
504036|||62
959948|||8
47849|||10
789658|||18
1066804|||15
605694|||7
880792|||35
652043|||7
325693|||13
165270|||14
1121275|||38
651041|||7
571705|||7
1117810|||23
914950|||17
642375|||10
1026299|||7
607580|||8
149919|||7
475642|||25
80466|||13
1170959|||7
681049|||7
1048004|||7
981783|||30
231906|||14
1158664|||7
373957|||7
793885|||7
154028|||7
915302|||17
681246|||10
501163|||7
833059|||8
348054|||13
403380|||7
15953|||7
983873|||7
1181866|||37
421037|||7
681730|||10
58368|||15
246513|||7
982977|||7
770856|||12
686377|||20
525386|||14
597150|||7
174755|||7
448308|||17
311659|||7
690511|||16
133881|||7
515521|||7
369869|||9
359031|||12
131696|||18
412981|||7
533041|||11
339122|||8
819248|||19
87738|||19
873795|||7
373570|||7
222809|||35
340327|||9
875563|||15
1098600|||7
712714|||7
1119167|||7
881492|||7
859852|||10
6599|||13
294371|||8
124238|||7
532375|||48
887795|||7
438109|||55
290996|||7
989177|||11
1138419|||7
521725|||8
132125|||7
504475|||16
804455|||7
284149|||38
1138575|||7
122296|||31
311422|||23
572933|||21
316110|||19
577560|||11
443077|||9
360177|||7
600813|||11
582941|||13
1064010|||22
1146333|||7
967715|||11
1139206|||33
342597|||11
649352|||7
1179377|||7
285738|||25
602901|||7
112117|||7
96104|||35
759517|||23
1021728|||7
173618|||7
358027|||9
558384|||10
1183457|||12
569789|||14
387440|||40
162651|||26
1120578|||7
723297|||13
1056485|||7
761849|||7
935341|||41
118503|||10
537428|||11
283170|||15
217482|||15
635404|||7
753794|||16
969522|||12
401267|||14
551261|||33
709141|||7
266048|||23
380358|||16
304784|||14
494141|||7
1106636|||9
780812|||10
521297|||8
269544|||10
66374|||36
336087|||8
100520|||10
277537|||37
151143|||7
638167|||7
467475|||8
1002170|||7
1178515|||18
314466|||7
537280|||8
705125|||35
630706|||13
553216|||7
96999|||7
732091|||28
699763|||7
784821|||9
27150|||9
731077|||21
162268|||7
381040|||7
273851|||7
281179|||7
623629|||8
632196|||22
332885|||9
754004|||26
1104705|||23
391685|||13
901885|||8
424635|||8
189778|||7
138073|||18
588836|||37
163516|||21
598491|||7
286735|||7
815140|||7
850680|||7
224185|||10
361375|||40
708331|||7
1090136|||7
725668|||19
1073014|||9
184317|||27
720416|||7
308652|||12
623429|||7
262916|||7
902163|||7
748436|||7
187213|||10
584803|||20
853737|||9
673973|||32
268771|||7
610407|||7
797692|||9
60460|||26
760752|||34
886993|||7
874140|||7
780637|||7
503758|||7
760803|||38
304368|||7
635158|||12
492209|||25
582123|||21
71642|||7
694426|||7
7098|||8
468208|||7
1090935|||7
556696|||14
965529|||39
257871|||8
156607|||10
532641|||14
939950|||7
271384|||8
108991|||7
32267|||7
341694|||15
929612|||18
272538|||7
368414|||19
927015|||7
207718|||13
208460|||7
326306|||7
1169911|||34
1108638|||16
14168|||18
1131430|||14
228027|||7
759642|||24
661376|||38
865232|||7
834649|||7
254141|||9
869078|||17
674810|||7
975761|||7
457005|||43
736828|||21
653838|||7
86343|||19
1112019|||7
182808|||13
327062|||11
383864|||8
604853|||18
133799|||7
564852|||7
1103616|||13
1109630|||13
891537|||7
529014|||8
715937|||7
742780|||23
691588|||24
774448|||45
198916|||7
1130866|||7
948026|||7
187709|||12
206890|||7
295561|||14
567436|||10
367551|||26
513251|||17
450808|||7
125489|||7
571368|||7
925715|||53
828103|||7
1046560|||7
894842|||7
813512|||12
649575|||10
755939|||7
544584|||8
182676|||7
1045790|||7
181231|||7
972020|||7
1175614|||7
982025|||18
263789|||15
810168|||40
328925|||12
1053399|||7
487312|||7
412741|||32
91665|||26
114604|||8
267153|||7
280618|||7
216568|||29
59115|||8
496361|||7
556584|||13
829475|||7
942744|||7
358104|||7
39983|||26
1169445|||43
349612|||14
173881|||10
251460|||7
1039145|||7
967101|||15
644431|||21
603182|||11
1123724|||12
347218|||11
340277|||7
1021666|||7
483632|||14
848660|||48
935862|||8
162733|||7
442375|||16
279130|||19
974893|||7
1116563|||7
1045741|||7
633170|||8
47427|||7
149344|||19
1057073|||35
254858|||36
742044|||15
50514|||7
205016|||7
823059|||7
1014453|||17
262213|||24
199809|||7
276562|||12
417846|||38
280613|||25
1004651|||8
199479|||7
666990|||19
485861|||8
812890|||27
454819|||8
607349|||24
715996|||10
706889|||7
491283|||12
803410|||7
386852|||8
736999|||37
418059|||21
351529|||7
20953|||7
1070083|||7
1176819|||12
643938|||11
46538|||7
642485|||17
1011143|||7
670591|||22
876018|||8
992115|||28
981441|||7
931137|||7
414955|||7
348268|||15
66218|||15
948131|||13
771535|||43
860775|||39
86377|||8
436811|||8
234733|||7
930450|||57
879906|||7
181184|||7
259491|||25
43356|||34
686973|||11
904401|||33
516753|||19
83475|||8
491369|||7
731703|||9
549062|||26
937255|||7
1053046|||42
522585|||8
203160|||7
685052|||10
240313|||7
632647|||7
899381|||8
93404|||8
804430|||44
218471|||7
1058169|||7
620032|||7
39928|||7
178511|||7
351622|||38
290005|||13
357741|||7
788728|||36
320905|||25
489803|||10
949|||11
178619|||10
1019566|||35
1122431|||18
1011445|||7
138282|||12
222342|||13
266519|||9
899154|||29
202105|||8
584949|||7
851054|||7
693758|||7
453693|||10
1122574|||26
1178993|||41
274596|||32
798702|||7
393999|||16
898909|||7
1092860|||14
874509|||7
123914|||23
242169|||21
163989|||10
703876|||17
560166|||9
436541|||7
493912|||13
335504|||7
942151|||7
311300|||8
586659|||7
832617|||7
1028060|||24
1167419|||48
207352|||25
393105|||29
716328|||44
1022616|||11
60516|||8
418882|||7
287290|||7
317341|||7
1085162|||23
174989|||26
195766|||19
454418|||7
125386|||7
340048|||30
680846|||37
349370|||16
126944|||8
174410|||7
463602|||7
66353|||7
550782|||11
948512|||13
179702|||7
418270|||7
733635|||7
365149|||9
526978|||7
1098562|||32
878866|||7
895309|||7
800325|||14
624371|||8
51232|||7
445201|||16
1129577|||17
359429|||15
842426|||7
700172|||7
598024|||8
738302|||7
485971|||16
1160768|||11
347874|||15
14565|||12
104207|||7
7475|||7
167649|||17
4376|||22
1135980|||7
622740|||35
467022|||13
387471|||7
431441|||27
213127|||56
545172|||7
151184|||54
1152502|||7
950501|||7
122589|||8
53458|||12
1001337|||7
949340|||7
973506|||7
42362|||9
783807|||23
805972|||25
900984|||38
820831|||7
915253|||7
387510|||7
1094676|||7
670745|||7
68958|||17
519146|||44
86429|||7
196048|||8
1078345|||7
878871|||24
183411|||25
705641|||11
391559|||26
400546|||9
586911|||25
598613|||7
781515|||8
782678|||11
865035|||7
46525|||8
995620|||15
883229|||24
627593|||8
693139|||9
661488|||18
910275|||7
430258|||12
379098|||47
317883|||23
1032756|||42
244209|||17
1021686|||7
842276|||10
251661|||24
519311|||8
759594|||7
1628|||7
916663|||7
760545|||7
1136743|||9
837594|||7
678302|||7
1147553|||7
538805|||7
844905|||7
651608|||7
957478|||18
55158|||7
1079186|||9
917757|||20
95876|||13
649407|||49
334900|||14
296690|||7
949311|||14
123274|||12
921883|||14
111780|||7
139150|||7
730098|||22
937636|||45
146708|||7
224425|||36
716399|||7
840934|||7
100746|||7
448150|||8
446730|||12
962911|||7
534259|||13
861902|||7
532252|||8
1026690|||10
241167|||10
140470|||7
846858|||7
623263|||8
1177861|||7
372320|||7
1022650|||10
1115114|||34
514854|||7
96149|||18
11940|||7
260790|||8
521579|||7
458581|||7
254589|||20
411834|||7
66088|||7
1147701|||7
163535|||41
213719|||8
1108650|||20
611968|||7
5882|||7
451107|||8
601966|||7
385737|||39
42952|||8
987443|||7
122541|||13
39996|||10
452255|||10
604923|||8
57849|||12
71921|||9
780793|||15
519978|||7
1157952|||7
919907|||8
444756|||24
1002193|||15
449960|||7
664541|||7
14350|||7
702930|||7
835520|||7
457031|||14
938129|||7
1028611|||7
34034|||7
297781|||20
907763|||7
127826|||40
247868|||7
841251|||20
159591|||8
1087099|||7
405307|||7
164395|||20
626412|||8
244276|||7
466259|||8
540014|||7
577356|||25
886170|||7
505791|||7
693579|||7
78513|||7
808269|||7
101519|||7
699991|||18
193615|||7
823055|||9
206092|||20
1179533|||9
64970|||33
805622|||7
286750|||22
35090|||7
260806|||8
957869|||21
622320|||12
535263|||7
1123454|||7
763817|||7
265961|||9
397539|||17
269838|||8
235786|||28
99552|||7
427058|||12
391636|||34
538749|||20
324142|||8
209120|||18
42240|||7
478955|||8
703115|||28
382272|||21
297356|||15
610251|||35
1154292|||7
705458|||7
686438|||7
842169|||21
329293|||16
442061|||24
625219|||7
239366|||17
94531|||31
1122516|||27
190860|||7
930475|||16
49691|||10
526664|||32
127902|||24
819072|||7
549203|||7
567834|||8
472747|||7
341902|||7
370467|||12
30560|||25
185742|||12
201461|||17
148729|||7
1118617|||27
494993|||8
1149208|||7
259921|||19
116316|||26
847875|||7
850245|||27
634082|||7
487632|||16
204760|||26
7199|||7
1088918|||45
456532|||7
990685|||7
411415|||30
474749|||11
419512|||16
1029355|||15
45194|||43
177663|||7
251139|||22
229754|||32
323159|||7
547909|||50
628309|||8
525013|||7
775466|||10
131151|||22
420575|||8
444162|||15
592520|||7
229000|||7
421006|||7
206337|||7
25395|||7
269078|||7
115240|||26
853245|||7
1076431|||23
80384|||26
773732|||16
1107660|||7
656306|||7
242971|||7
846337|||17
285187|||16
971882|||16
379339|||24
803100|||7
1117916|||34
191763|||7
296371|||7
918210|||7
73174|||9
709658|||9
1110701|||7
1029981|||7
876271|||7
628516|||8
627140|||7
220082|||10
256632|||8
288056|||18
676120|||18
254593|||24
1062154|||24
638356|||7
7931|||11
443894|||16
55088|||8
976911|||7
917895|||19
388211|||30
1019650|||7
693402|||7
697740|||7
99170|||21
295244|||23
670436|||12
1067068|||7
40230|||8
659519|||22
50189|||13
368571|||40
1070463|||7
635833|||19
103618|||9
273120|||16
977671|||7
381088|||28
354076|||35
845288|||7
810078|||18
312179|||7
909705|||7
214335|||8
344950|||8
262262|||17
744073|||7
360282|||7
69003|||7
95419|||38
742390|||26
989682|||7
889940|||30
359612|||7
38850|||7
46653|||7
1009524|||7
1139253|||7
154914|||7
879288|||12
171169|||7
1026610|||8
873554|||13
219094|||18
940854|||40
428814|||33
402634|||7
500836|||8
220352|||8
779164|||7
48658|||7
983322|||7
696325|||24
799377|||7
225194|||7
591209|||8
986639|||7
238718|||24
615454|||7
317886|||8
356265|||11
427314|||8
144992|||38
1034408|||11
746064|||31
196101|||18
240208|||16
1100443|||7
353066|||43
1111890|||7
537552|||11
119496|||7
1046649|||7
1129759|||7
538151|||7
64575|||7
293160|||23
1168699|||7
322726|||7
827656|||7
416944|||8
1170731|||9
642181|||48
253943|||7
1053823|||34
294030|||48
424430|||7
94323|||7
59287|||7
281153|||7
402119|||7
376522|||7
71546|||19
146273|||13
215225|||7
543808|||8
138428|||8
572348|||8
1149934|||31
1170239|||23
129425|||10
298808|||9
825767|||7
1026830|||7
546534|||7
782634|||20
766084|||8
406993|||7
994257|||8
761559|||7
1052197|||14
883732|||7
396774|||7
148221|||23
838975|||23
179726|||7
654867|||40
359733|||11
1074253|||46
448028|||38
197380|||7
191652|||10
773856|||7
911553|||17
960308|||7
590010|||8
296682|||14
242565|||7
241597|||16
801728|||8
1117155|||7
646465|||7
633583|||7
395513|||7
770019|||7
520100|||7
537404|||7
584522|||8
19471|||7
530453|||10
840649|||7
1012450|||21
509856|||45
102418|||7
480373|||7
278219|||12
911082|||31
583622|||7
777360|||19
99656|||9
619971|||7
836727|||7
1003598|||53
72600|||15
235070|||8
1053918|||11
78674|||10
366987|||24
766918|||7
101241|||10
1162965|||34
1060366|||22
736644|||7
944616|||7
52659|||16
277428|||31
175507|||18
281978|||7
482461|||41
500763|||7
532978|||8
770265|||7
483764|||7
239851|||8
1007527|||7
241515|||7
177185|||7
1096415|||10
940803|||7
37291|||7
525214|||11
664337|||7
602586|||11
87768|||7
441015|||15
84550|||7
715444|||14
358538|||7
213620|||9
99695|||27
562837|||7
975028|||15
538361|||7
232380|||32
15369|||7
327317|||21
935613|||26
800653|||25
157970|||14
12139|||45
496519|||7
997025|||44
65833|||11
144772|||7
641263|||7
133837|||11
175123|||7
37151|||7
332435|||9
735695|||28
90050|||7
110956|||7
149867|||13
350509|||7
1067875|||7
887231|||13
822273|||7
592789|||9
536414|||8
1112575|||18
183809|||51
822368|||51
1068901|||12
152391|||8
402757|||33
707341|||24
868909|||30
61416|||34
882873|||7
606755|||22
939349|||7
15247|||29
908822|||13
259694|||23
564183|||24
700468|||7
1181845|||31
597640|||7
967893|||7
1118323|||11
218308|||10
7785|||9
55968|||14
2739|||8
16510|||13
373043|||13
67352|||16
624432|||13
75246|||7
791019|||18
369071|||7
528785|||7
382559|||32
86861|||22
820958|||10
801588|||7
892698|||7
167685|||7
264907|||10
256215|||14
904996|||7
140615|||43
511228|||7
204916|||16
352633|||7
467460|||7
500712|||9
48568|||7
103586|||13
305736|||18
504843|||8
648556|||10
457086|||7
26203|||14
461966|||7
523220|||11
343101|||7
314596|||8
186825|||7
977963|||31
860979|||7
1053442|||7
774538|||39
995404|||39
804477|||7
1056345|||7
49959|||29
534374|||7
73391|||7
929389|||7
755825|||7
584494|||12
44184|||7
1142098|||34
620196|||33
171995|||7
780865|||22
411571|||7
445780|||9
529912|||8
1075282|||36
274307|||11
339670|||7
274600|||9
1110485|||22
318149|||7
161011|||8
646913|||7
522892|||7
798069|||7
1045868|||7
699871|||24
76530|||7
24781|||13
855646|||7
832163|||12
832789|||7
645016|||7
582100|||26
863691|||17
240713|||7
59616|||15
112404|||7
1126190|||7
241036|||7
390720|||14
502925|||12
1170892|||7
1038319|||7
468132|||7
174883|||36
15901|||8
478718|||7
453861|||10
858472|||7
360676|||7
500735|||32
306083|||7
68566|||25
65723|||25
358302|||10
950578|||8
750827|||7
655759|||7
80193|||7
371056|||7
1069034|||7
1143856|||7
408981|||26
892112|||7
301784|||12
128327|||7
1104454|||23
229744|||14
1090160|||9
1183385|||11
1080262|||8
394999|||7
217870|||31
515927|||9
306635|||7
947940|||8
817037|||23
504337|||7
755972|||16
237205|||15
909936|||7
289871|||7
32670|||8
482084|||10
718243|||7
535422|||8
183010|||11
627898|||7
466337|||36
602083|||32
743926|||10
958057|||29
1078876|||8
97732|||16
472274|||18
664704|||7
1148744|||7
33727|||7
193988|||8
287939|||7
160658|||17
518195|||7
674027|||7
302222|||7
372954|||35
367126|||7
326793|||7
1019448|||7
705713|||15
1111722|||8
810568|||24
724267|||7
562940|||7
166053|||7
970297|||7
68945|||14
1089578|||21
390732|||14
643892|||7
646783|||17
947685|||7
729097|||7
138531|||27
176992|||9
430725|||7
1182450|||7
949561|||7
594380|||7
1051634|||7
948618|||9
46122|||12
848189|||19
127513|||17
978716|||7
522705|||22
273573|||9
331634|||7
1055456|||7
326270|||7
661532|||7
230375|||7
704484|||7
1131922|||10
955221|||7
910391|||7
469997|||8
18665|||7
649092|||7
467964|||17
630165|||7
960986|||7
403969|||7
1054124|||22
667029|||7
381919|||8
50862|||7
77742|||24
402300|||21
428019|||21
870535|||7
991118|||21
630521|||7
812963|||14
568381|||10
501226|||7
1078473|||7
387711|||7
1050895|||7
436871|||12
133858|||8
163343|||7
899428|||15
960150|||7
1048016|||10
665921|||26
62373|||8
1029135|||22
1442|||15
5291|||7
83359|||7
523464|||41
684034|||51
354148|||16
410233|||8
144543|||15
869708|||30
754634|||10
672028|||7
928877|||32
904208|||21
243996|||7
976377|||36
587522|||24
1040159|||10
799286|||51
1157113|||7
875136|||10
370967|||7
122328|||14
835219|||38
531387|||16
652547|||7
480512|||18
289643|||12
937006|||33
113255|||7
629586|||26
637581|||8
1103853|||20
254888|||10
231137|||19
499233|||19
303287|||13
497895|||24
751566|||7
756788|||7
105351|||7
463184|||8
238298|||7
713108|||15
745351|||11
227944|||7
150346|||7
712205|||7
223772|||8
156418|||7
636113|||12
736913|||7
607555|||11
921519|||7
405883|||16
393138|||7
387840|||9
445252|||8
1151944|||8
572921|||7
671236|||12
551311|||10
124205|||8
221664|||7
232607|||29
378009|||25
1034414|||8
212604|||11
981031|||7
288606|||14
995174|||11
938551|||22
1168446|||12
59615|||29
648314|||9
131679|||8
980512|||22
286210|||16
28917|||15
963896|||7
40379|||7
449128|||12
594512|||7
418668|||7
606625|||7
679538|||22
65831|||7
1134903|||28
214849|||8
20472|||7
330395|||19
451802|||10
442074|||7
1163024|||37
887852|||7
324837|||11
1176476|||8
719248|||29
429731|||7
339627|||21
986925|||7
650093|||25
10498|||7
843095|||12
300376|||8
926580|||21
558908|||7
557899|||7
951750|||7
3133|||7
208440|||7
1095759|||7
455892|||10
646790|||7
122416|||21
4389|||7
197224|||12
561870|||21
1025098|||7
1064267|||7
114077|||7
501229|||8
80823|||17
864237|||7
933213|||16
104509|||13
63943|||7
98609|||7
349315|||7
853976|||27
101292|||7
730492|||7
292160|||7
606889|||7
479503|||16
548302|||22
1174708|||17
37822|||17
671051|||21
1009429|||7
731727|||7
15088|||7
787938|||49
440672|||12
628969|||7
803050|||13
1053057|||7
397224|||8
309994|||7
910748|||7
362152|||8
986447|||9
82070|||7
853272|||9
403610|||13
959347|||9
760389|||7
388576|||7
384499|||7
3805|||33
430560|||7
908497|||7
1139429|||7
486922|||19
332123|||7
510281|||7
1044580|||7
51492|||9
42874|||7
1089085|||7
163992|||10
366360|||9
607674|||21
70395|||11
307391|||58
318586|||7
291258|||7
601376|||7
639772|||20
389408|||45
302592|||8
667978|||7
185815|||12
532797|||7
550490|||16
210140|||8
974518|||7
613214|||32
1031689|||7
772215|||7
462020|||7
626876|||10
948929|||7
215138|||7
7664|||28
791008|||10
260987|||7
370909|||25
818729|||35
108964|||7
561990|||7
916988|||7
767244|||7
1113621|||14
142916|||7
479223|||7
584667|||7
107426|||14
383778|||7
382091|||13
155627|||27
1040675|||7
143131|||12
581071|||11
1071633|||21
681684|||28
961566|||7
911068|||7
1041996|||7
480123|||7
238620|||46
275453|||7
439269|||43
547295|||7
200887|||18
111156|||7
764269|||8
670109|||7
602031|||10
33479|||15
476347|||8
1003824|||38
415021|||7
792027|||23
745871|||12
731762|||35
515554|||7
1173746|||7
144380|||8
1076150|||11
536597|||7
524759|||8
736463|||14
562933|||9
747622|||7
617575|||7
813976|||7
927377|||18
509243|||10
1003064|||9
324390|||8
505255|||7
28854|||28
964183|||11
344921|||7
684398|||21
174033|||28
769583|||7
487585|||10
175981|||27
116021|||7
687537|||20
636239|||7
323667|||33
729121|||7
234995|||20
418254|||7
75202|||7
188467|||7
980055|||7
476893|||30
94042|||26
1103310|||7
562711|||7
619009|||14
1041782|||7
618886|||50
773063|||12
1091878|||18
914623|||55
659034|||7
1029714|||7
481898|||9
761012|||7
790757|||7
293435|||8
838821|||26
259515|||7
413386|||7
215846|||7
781197|||7
346961|||7
1161799|||7
712584|||7
492067|||29
334907|||19
234450|||8
421098|||48
162052|||7
329272|||7
718222|||7
186347|||7
273401|||10
60798|||8
495988|||7
239733|||36
121509|||28
182101|||7
577412|||7
26196|||13
1135611|||7
1060667|||7
160184|||20
365844|||11
802376|||7
159181|||22
659037|||31
444316|||18
343822|||10
614108|||9
353533|||7
462400|||23
684021|||13
829940|||7
627896|||7
582101|||7
48355|||7
308601|||37
85607|||7
827937|||44
149387|||7
1010451|||7
113308|||7
967650|||28
880742|||7
944198|||30
886949|||14
1062064|||12
105919|||21
828636|||7
349078|||8
26435|||15
668896|||28
660924|||7
547475|||32
20044|||7
798295|||15
277125|||13
989351|||7
509361|||7
1174234|||12
84903|||32
1061243|||7
906184|||7
28400|||22
295551|||13
430661|||7
522846|||8
357556|||14
47626|||15
500012|||8
1022875|||7
474765|||7
280143|||22
1033043|||11
1101313|||7
24807|||7
514072|||7
72094|||7
764542|||7
821619|||8
191077|||8
233115|||42
153255|||7
686981|||7
856502|||12
420401|||7
73119|||21
985467|||31
342225|||16
804856|||13
492563|||8
677350|||7
1030428|||19
672918|||12
486166|||36
213793|||8
979135|||7
841489|||30
958796|||7
409309|||8
1116163|||31
1168225|||7
358267|||8
1101437|||7
327837|||7
667819|||10
37797|||24
97464|||28
882208|||18
343912|||7
43468|||16
169450|||7
423107|||27
198141|||7
172905|||7
803432|||8
973669|||7
968901|||11
341870|||7
217557|||7
201199|||40
96256|||28
775339|||42
34163|||8
761376|||7
742060|||11
999696|||7
19367|||7
578560|||8
442664|||8
1114529|||7
867796|||8
515233|||19
724874|||7
38354|||19
356294|||10
702646|||7
453965|||9
626801|||9
287890|||14
1173398|||32
420523|||18
1084624|||25
429850|||25
355969|||7
534711|||7
1146897|||21
1151536|||7
849624|||7
458767|||7
6761|||7
522884|||7
80154|||7
427188|||10
360332|||7
717623|||7
853610|||7
693883|||34
973225|||7
562315|||11
126547|||7
864069|||14
409828|||8
473606|||7
648381|||20
194586|||9
1045321|||7
164527|||22
995898|||7
934382|||7
1002250|||17
780317|||7
282055|||7
898992|||20
845364|||7
489392|||11
1090374|||7
613333|||14
678103|||7
166031|||8
403060|||8
404068|||12
1011490|||28
149830|||7
976716|||7
1137745|||27
915732|||7
49443|||20
548190|||19
848590|||7
130300|||7
702365|||7
841029|||7
910416|||17
955978|||20
806918|||37
771485|||7
1121922|||16
364494|||7
281842|||7
950804|||7
695389|||46
972137|||7
633878|||7
971257|||7
225749|||25
770575|||7
960358|||23
1069676|||7
34117|||10
507383|||12
906850|||7
789261|||7
773665|||21
179140|||10
575489|||7
893890|||7
249723|||10
729452|||34
8741|||7
365013|||26
63948|||9
922781|||7
725509|||29
895071|||21
542728|||7
257038|||8
793815|||7
398605|||12
1111671|||16
898841|||7
537306|||8
644243|||8
323622|||19
148091|||46
168697|||7
788277|||11
804538|||7
676983|||25
296492|||7
52421|||7
301991|||7
301671|||9
372307|||26
1108739|||7
11122|||43
944760|||7
621960|||7
357740|||10
529393|||7
363594|||7
687937|||7
767727|||7
315634|||7
65169|||17
136912|||8
542295|||19
912556|||40
210595|||20
512970|||8
406890|||20
1113517|||27
198117|||39
604614|||10
1091174|||20
988331|||33
490159|||13
901475|||11
1044993|||10
1164291|||7
92029|||7
238861|||11
272868|||8
419949|||13
1090960|||20
716921|||22
363541|||35
1065111|||23
183174|||15
525273|||8
543305|||31
663618|||7
372695|||30
400611|||8
1157216|||7
764531|||24
721718|||7
31383|||8
716971|||33
244933|||11
735114|||18
1112539|||15
222247|||8
592687|||13
564861|||8
289050|||25
893377|||7
211693|||9
85968|||21
114385|||10
115043|||34
1154934|||41
896026|||27
1140602|||7
972501|||21
386089|||7
1133488|||16
502886|||21
3565|||7
307898|||22
687518|||9
810937|||12
277291|||7
497821|||26
148915|||7
15912|||7
609032|||15
432378|||8
588445|||19
276188|||7
166579|||7
117488|||8
696788|||10
410505|||7
1114021|||10
252436|||7
877446|||7
147276|||7
1036861|||12
808040|||21
384830|||7
185436|||19
525942|||18
856489|||42
763726|||7
1106516|||10
564010|||13
166335|||10
666155|||7
227736|||7
5510|||7
489445|||17
418339|||8
1112166|||10
141454|||7
143971|||7
1180881|||7
234071|||37
857628|||14
224761|||7
603170|||7
1148930|||7
51797|||7
610924|||7
329643|||7
1051500|||7
197836|||7
281532|||7
123152|||7
710982|||7
235433|||8
11995|||7
848149|||16
869498|||7
904436|||7
361476|||7
978548|||21
139694|||7
869713|||7
447661|||10
47716|||7
11422|||7
1088152|||7
1060564|||9
571321|||7
291387|||7
481080|||18
410972|||8
1114375|||28
190723|||7
1141653|||7
341383|||7
529137|||10
299031|||17
239816|||7
885143|||11
716252|||15
961465|||35
1049136|||17
1039188|||11
203979|||16
1006000|||7
805565|||7
376681|||8
544233|||23
1056385|||7
524424|||7
7549|||7
424861|||19
838499|||31
516996|||8
1152024|||7
200294|||9
1166371|||40
87393|||8
33982|||43
569648|||7
819853|||7
1034671|||28
98527|||7
130357|||18
82123|||7
847298|||7
125455|||7
535173|||19
1116747|||7
8112|||7
655312|||14
179505|||17
776873|||22
1034100|||7
1091148|||7
936774|||23
1006233|||13
848199|||10
1007923|||7
656445|||7
1148114|||21
130501|||7
756993|||38
942156|||24
1005157|||7
321960|||9
311910|||7
1035463|||7
504327|||20
1106260|||18
813455|||7
339758|||43
541242|||14
861912|||16
776258|||8
698546|||18
1174474|||32
291891|||7
765767|||15
163934|||34
228089|||18
358226|||8
120038|||7
917187|||19
541304|||15
796809|||7
1087204|||8
626693|||22
540856|||7
423025|||9
140697|||7
318600|||9
1034050|||7
529740|||13
363550|||26
305299|||25
163589|||8
306937|||11
1011385|||7
626751|||7
1037408|||32
174140|||7
442991|||14
1147818|||7
445329|||16
573462|||9
91345|||12
408541|||34
1123840|||27
940611|||22
843016|||7
961501|||18
493673|||7
750859|||7
23290|||13
810196|||18
300530|||48
664782|||7
932319|||7
128631|||13
454070|||8
4434|||7
50428|||7
628259|||8
185752|||7
199339|||7
754200|||30
1025436|||20
991372|||7
54736|||7
1139798|||37
953601|||7
1139712|||10
1069033|||7
1139760|||15
98004|||7
276474|||7
863345|||7
910759|||7
504378|||7
201297|||8
336014|||7
861720|||12
570475|||34
342805|||7
2175|||15
675762|||7
817597|||44
1167391|||11
264613|||10
528589|||11
301505|||7
760810|||19
365371|||8
31029|||29
18038|||39
649614|||15
873017|||7
1023102|||7
402081|||7
143303|||7
1010743|||10
758475|||7
73540|||7
817281|||14
314542|||18
47860|||22
215489|||7
413731|||7
418444|||18
697877|||7
564039|||7
563260|||8
1036666|||7
119666|||16
726417|||7
806030|||7
321493|||18
50306|||7
603302|||7
125596|||24
1174246|||7
364352|||8
135218|||10
1007572|||7
580139|||7
392045|||17
185054|||7
792176|||7
323516|||7
776084|||22
1149087|||9
382905|||9
920889|||7
364990|||23
980931|||10
508060|||10
1147840|||20
324164|||13
1166347|||18
746009|||7
1014787|||7
30790|||31
19450|||8
450938|||13
666073|||11
25739|||36
920061|||7
919272|||10
316833|||41
595393|||18
938255|||7
470127|||16
733788|||19
111910|||7
284102|||7
645773|||7
700818|||7
589635|||7
263084|||10
239764|||7
1114436|||25
703670|||20
283398|||7
478293|||7
609461|||7
745834|||7
1115818|||7
244799|||7
618843|||36
570854|||20
493753|||21
124377|||7
699767|||31
17206|||9
546033|||31
1083448|||41
744671|||6
568214|||7
543193|||38
3074|||7
957920|||31
187826|||6
1128446|||22
333695|||13
333484|||6
953841|||6
229125|||41
151142|||6
468239|||13
1143751|||6
850911|||12
524333|||6
669429|||6
591950|||13
895583|||24
329872|||6
422201|||15
306707|||11
458280|||9
286456|||7
390653|||13
73135|||7
30978|||6
49161|||11
595296|||6
382180|||15
1015083|||6
594593|||34
290464|||29
718493|||17
798742|||9
723814|||6
684453|||13
87538|||17
328915|||8
822493|||20
63488|||18
32543|||6
389642|||6
592093|||10
1023292|||11
671663|||14
1157677|||22
767800|||9
1083104|||6
933192|||29
1114789|||23
10648|||19
64628|||6
998907|||6
143932|||6
181972|||12
1176669|||6
483119|||6
655875|||6
102253|||18
113281|||7
840899|||6
889950|||6
435219|||6
332696|||19
891169|||6
146897|||14
78758|||34
116085|||6
965053|||6
194185|||6
621772|||32
38290|||17
428596|||37
362842|||6
592130|||6
308379|||6
103323|||6
437925|||10
167339|||6
1140255|||6
606381|||20
1093867|||8
359595|||6
205505|||14
92734|||20
86511|||7
1004403|||27
237220|||15
518704|||9
1111709|||6
770882|||6
347265|||6
154667|||6
270290|||25
247085|||24
439514|||6
1142346|||31
343492|||18
896453|||43
673435|||17
434612|||6
950384|||6
788902|||9
707386|||17
1034459|||6
639358|||10
950175|||8
447850|||7
262543|||23
568821|||6
780217|||6
98126|||18
1028562|||23
1107360|||6
418448|||39
950619|||6
941498|||6
513995|||23
974398|||10
456204|||14
332198|||15
550142|||6
768898|||6
268727|||10
181964|||35
1041998|||6
798554|||9
1016430|||6
434037|||6
124361|||8
993133|||6
653427|||20
309766|||6
191321|||6
897702|||6
787614|||6
525922|||7
900041|||9
969109|||17
555347|||6
360307|||19
1071076|||18
579472|||7
1054441|||19
729544|||29
56563|||9
775715|||6
906142|||6
608939|||6
91825|||6
709771|||6
787905|||40
250530|||11
525264|||7
816878|||7
949257|||13
511969|||6
1060091|||12
771013|||6
11360|||25
941713|||22
556875|||18
83409|||6
861189|||36
1155074|||6
918091|||51
921579|||10
823932|||6
262197|||14
941650|||22
1136190|||6
224747|||31
756684|||6
789201|||6
46217|||6
1063013|||9
28674|||15
202919|||14
1034434|||6
266848|||12
380164|||7
589578|||15
79711|||6
774179|||10
446723|||13
1079374|||12
250386|||6
782494|||6
1096152|||6
518884|||24
254257|||10
718495|||14
913189|||6
241569|||7
295731|||6
583555|||6
860539|||6
743522|||6
143881|||7
898826|||9
1082736|||6
1056885|||43
417150|||21
180750|||22
752298|||6
262351|||6
77285|||20
742302|||10
623216|||7
1028796|||6
78562|||24
730460|||6
596884|||36
964845|||6
467871|||6
968617|||24
1018190|||48
726876|||6
862551|||6
208997|||23
353648|||6
1167877|||6
802121|||33
344841|||6
976467|||38
725932|||10
679231|||6
1028375|||29
940386|||6
675828|||36
1118964|||6
1049726|||21
564004|||6
1029641|||6
537121|||6
724625|||8
151129|||20
351409|||11
318906|||16
183063|||15
985863|||11
603535|||10
290933|||11
742140|||8
133814|||6
74428|||6
498668|||6
126299|||6
1024849|||8
416019|||6
784977|||16
835777|||23
887160|||40
511640|||32
348077|||6
201998|||9
769675|||48
51529|||6
107314|||19
995475|||6
511338|||6
1004843|||36
151642|||6
653614|||6
635563|||6
959252|||11
196938|||6
369921|||31
175668|||6
509528|||21
474283|||9
727973|||6
619319|||10
269520|||6
303686|||23
879509|||6
445297|||6
818250|||6
801015|||6
607946|||6
653476|||6
690172|||6
756112|||6
968301|||6
280639|||6
1170918|||6
843511|||6
237721|||20
162376|||9
74614|||30
224181|||22
355075|||6
206982|||8
300206|||10
207464|||43
265604|||11
474248|||7
351397|||19
724736|||6
135647|||14
223180|||11
731978|||21
321642|||6
889742|||6
639916|||15
351574|||13
223445|||6
19127|||20
606913|||6
265948|||6
344035|||6
475022|||28
459333|||6
248692|||7
520715|||6
1067762|||22
497472|||29
392565|||19
97710|||11
1019741|||6
480443|||14
148693|||9
353337|||16
471556|||56
713222|||6
606302|||6
291664|||6
359186|||14
88913|||14
455433|||6
856128|||6
513208|||6
266421|||6
853919|||6
378804|||16
567540|||25
603933|||7
950995|||8
847943|||26
720987|||6
451516|||7
1027694|||6
809127|||6
32643|||11
215991|||10
181240|||19
738503|||15
23079|||6
497507|||15
1170774|||6
1095383|||6
136340|||6
447979|||8
1083952|||6
877187|||6
831283|||56
752173|||6
746192|||19
639153|||42
177059|||12
1038923|||6
1122772|||6
892594|||6
197821|||15
753894|||16
1136208|||46
81871|||7
481732|||6
1104661|||6
404379|||6
88557|||12
996875|||6
1076169|||6
728292|||6
325859|||6
425642|||7
182270|||23
39478|||28
511942|||6
167448|||20
44818|||6
416841|||12
394746|||37
1006826|||6
440961|||6
158461|||6
449716|||17
606363|||7
261320|||6
267069|||6
904516|||6
200962|||32
464477|||6
826525|||43
783061|||23
617178|||6
78690|||6
599124|||6
477802|||9
243321|||13
90078|||17
72277|||6
1029818|||6
19464|||11
1065670|||6
733529|||6
662927|||11
470246|||7
396106|||9
1179311|||6
768878|||6
755285|||6
643989|||6
371417|||14
498943|||33
173756|||6
1177545|||14
265707|||9
1141629|||10
1005366|||21
1059128|||48
208970|||16
991999|||6
850321|||6
64976|||9
1181942|||6
132359|||18
96673|||7
791870|||6
610882|||32
472340|||6
805258|||39
1120410|||6
573993|||7
527954|||13
395440|||25
1005566|||6
292693|||6
81208|||11
260873|||24
6590|||6
966063|||19
197416|||7
692763|||9
799784|||15
1059210|||6
107173|||6
729587|||6
1054169|||41
961725|||6
219823|||19
502759|||6
419883|||6
748727|||6
671036|||6
678860|||6
880448|||12
383255|||14
147481|||22
1129692|||6
1116930|||7
541964|||6
887256|||6
1032472|||6
326009|||20
187236|||37
965471|||38
1113437|||6
21812|||34
608402|||33
140063|||16
608103|||14
112594|||14
1149369|||33
54451|||6
1070193|||6
459295|||6
850037|||6
963868|||45
823652|||6
169133|||6
512109|||7
407265|||23
972488|||8
1080628|||14
263062|||6
897010|||44
187594|||22
882271|||6
125321|||9
382595|||36
106693|||7
729142|||14
1050501|||6
336004|||24
945262|||7
766710|||45
282424|||14
34552|||14
730682|||6
876286|||6
1121890|||6
454443|||7
1079683|||6
566362|||11
1129144|||6
695594|||23
621648|||6
299010|||37
14562|||6
419386|||6
160312|||29
341587|||21
924267|||6
638959|||11
247134|||10
620488|||18
127350|||6
378518|||20
1046485|||6
1039973|||6
301148|||39
855209|||43
250965|||6
407639|||21
1029095|||13
88807|||6
520493|||6
291991|||22
242406|||24
36770|||6
917741|||10
73403|||6
1108038|||6
313197|||9
527819|||41
915362|||13
1073935|||6
141328|||7
534317|||6
109703|||10
880764|||11
774935|||6
216245|||24
904381|||6
963278|||10
1029978|||6
1102308|||6
14690|||6
500123|||6
919286|||6
637939|||24
511027|||18
1162528|||22
342975|||42
185214|||7
788846|||6
987535|||6
1040490|||17
370574|||6
370606|||6
783641|||6
918522|||19
491252|||6
686323|||6
130874|||6
855774|||6
595583|||20
662098|||6
466955|||7
252504|||6
397841|||15
819328|||52
877248|||10
98815|||6
258523|||6
441141|||12
106012|||6
862613|||6
890765|||6
1067665|||9
628955|||18
411166|||26
374571|||22
92769|||12
54854|||6
559941|||41
820189|||6
368961|||6
383210|||7
161724|||6
453609|||44
390896|||6
996098|||52
642900|||17
1056514|||35
611594|||13
1057153|||24
48266|||6
92191|||6
1041057|||11
520106|||6
660658|||31
109074|||18
590970|||6
768881|||18
404096|||7
486308|||6
513977|||6
758404|||6
453371|||6
174463|||6
368020|||25
39137|||13
356709|||8
398312|||11
228436|||6
422358|||6
198590|||7
686505|||62
268374|||6
412319|||6
325904|||6
120498|||7
595561|||6
720594|||21
610576|||8
118625|||45
200848|||40
551803|||6
904699|||6
495977|||11
877292|||12
118397|||6
762923|||20
483090|||6
241172|||10
959811|||10
336401|||6
505466|||6
635007|||7
1145620|||6
837956|||23
2395|||7
947149|||6
382655|||21
230793|||6
978638|||9
134707|||7
135493|||6
1053241|||6
453834|||45
921121|||13
296|||6
893298|||6
500003|||6
657154|||6
601841|||42
1009058|||6
517623|||27
513461|||23
551837|||6
199269|||6
694055|||6
7666|||6
206661|||7
397193|||27
431634|||13
802425|||6
570867|||6
592815|||6
100928|||6
1166907|||40
858831|||9
45948|||6
86342|||6
592740|||6
538384|||7
713666|||6
930885|||19
5994|||6
334582|||6
16086|||26
1089183|||16
623436|||7
190476|||6
18909|||23
414531|||6
297542|||28
323291|||6
195599|||6
614364|||9
15322|||13
335640|||7
832494|||6
109856|||20
1157490|||32
110492|||25
169496|||6
751320|||6
504758|||33
80626|||11
167684|||34
444727|||6
1132406|||6
997931|||14
578663|||6
178737|||8
465826|||33
1055367|||6
597148|||10
803795|||6
758894|||10
300090|||6
52116|||6
133558|||6
586744|||6
75221|||16
149139|||6
605528|||14
658488|||6
194283|||6
521049|||10
703095|||21
168249|||6
1035788|||43
373890|||9
800749|||11
1163811|||32
265665|||11
17990|||7
1100832|||15
1154550|||20
1072191|||20
197477|||16
441889|||6
208840|||22
944307|||26
96504|||14
651644|||6
470780|||13
481317|||19
85208|||20
298830|||6
895174|||6
810182|||11
753456|||6
2166|||25
526527|||6
703883|||6
480673|||6
784568|||11
140646|||12
8314|||35
866452|||6
1088393|||11
180818|||6
338840|||7
1158126|||6
393391|||9
297706|||8
310763|||7
845205|||12
371761|||6
1144777|||15
348996|||17
864226|||10
324265|||33
228495|||9
838085|||14
139341|||6
298614|||6
874394|||6
464395|||10
141505|||7
937860|||21
140759|||13
811413|||22
307136|||6
1017547|||19
736419|||10
458532|||7
314857|||6
794756|||33
902118|||36
246885|||6
1019440|||6
738692|||15
194233|||43
980936|||6
917840|||23
253011|||7
329145|||15
23|||34
71932|||6
610800|||13
41161|||8
728033|||10
639162|||11
826819|||24
777214|||27
148502|||7
836478|||6
884946|||6
861802|||6
1011768|||6
913903|||10
328265|||6
864777|||9
160551|||7
897463|||11
148979|||7
17077|||8
489766|||39
283960|||8
432808|||6
151640|||17
858623|||6
378352|||6
191804|||7
618512|||6
300931|||17
647591|||20
503324|||6
319414|||6
163517|||14
667142|||9
165005|||7
680533|||21
166107|||21
688637|||6
647043|||6
715487|||10
420931|||14
255578|||31
934305|||6
164530|||6
1098678|||6
99077|||9
329112|||8
1162208|||6
108610|||8
650993|||6
914364|||8
733998|||9
10866|||12
112176|||15
881229|||17
8083|||13
419940|||20
546719|||6
952513|||6
811589|||6
4889|||11
780658|||32
741012|||6
21900|||20
978619|||6
205556|||6
145274|||6
201090|||6
834604|||15
769561|||6
1030160|||6
756540|||9
629541|||6
139703|||27
672311|||16
602059|||16
590086|||13
1056977|||6
770230|||30
1030067|||15
97418|||36
284410|||36
410812|||12
1081567|||6
664351|||6
786546|||8
681583|||6
871392|||6
734578|||6
819014|||6
194097|||41
187188|||6
934338|||24
1120828|||6
820415|||6
827093|||13
1140610|||9
276305|||8
539128|||23
760112|||6
582061|||7
105133|||7
1113932|||15
953811|||11
813539|||6
1131737|||6
261231|||7
62148|||6
132400|||30
924958|||6
1045246|||25
708684|||8
435007|||6
812532|||6
286306|||6
25458|||6
704656|||32
635981|||7
1046267|||8
422190|||7
302426|||6
978554|||8
833276|||6
119917|||6
141557|||19
470379|||7
1041865|||6
356373|||10
903806|||6
689128|||6
713954|||8
209086|||19
623537|||13
252053|||7
1140525|||13
618129|||6
286970|||6
952085|||9
1129536|||15
267584|||12
37137|||15
433089|||13
169827|||6
1064323|||6
161286|||6
394798|||6
568605|||6
750138|||10
214718|||28
180290|||9
844412|||31
695483|||13
36709|||24
585615|||6
527229|||22
309906|||11
1036180|||6
186800|||22
677651|||23
947113|||6
771355|||9
592109|||21
157384|||6
190332|||41
17567|||6
298791|||23
908604|||6
1093736|||6
933879|||11
365564|||13
673887|||10
888229|||39
113800|||6
976874|||6
37639|||6
416823|||6
238111|||7
70981|||6
99249|||11
444552|||27
343917|||13
645889|||6
422384|||6
881055|||6
771397|||16
251451|||34
811629|||32
596853|||9
1085021|||6
1115388|||9
724676|||39
247498|||6
584962|||32
358883|||6
155243|||6
995262|||11
212150|||22
38842|||10
241871|||6
231320|||37
432843|||6
1029494|||21
863471|||6
324978|||6
24961|||6
832656|||6
1124645|||6
37832|||6
562516|||14
886016|||6
1049842|||16
968884|||9
306912|||6
623522|||6
475708|||6
262419|||22
1022300|||6
869833|||6
184163|||7
226240|||6
669123|||11
841116|||17
167414|||6
558391|||15
535154|||6
313911|||6
625495|||16
678181|||6
653607|||14
274048|||6
699218|||19
741349|||6
742552|||39
586405|||6
1027686|||6
498783|||6
605734|||10
390513|||6
286952|||11
766017|||6
12447|||6
167090|||7
555241|||22
839564|||16
521858|||6
291370|||6
824945|||6
948348|||36
701389|||26
1153706|||27
768786|||33
742471|||6
974802|||6
273447|||41
198323|||6
146395|||20
137795|||9
94526|||6
614178|||6
307635|||7
834075|||14
592773|||7
131997|||12
1024955|||6
75561|||6
532097|||23
1009476|||6
133815|||7
145453|||16
965364|||6
761171|||6
577564|||6
795698|||37
348418|||10
933257|||12
670855|||17
1121180|||27
1079389|||11
594916|||7
516610|||6
666239|||6
294957|||18
1095608|||6
30912|||7
706802|||12
1156607|||24
6324|||17
1072919|||17
782848|||6
788997|||31
91242|||27
557057|||6
754156|||27
1006286|||6
1046389|||6
593252|||6
989992|||6
718811|||6
519862|||6
1016706|||6
231477|||17
249159|||7
767578|||27
644221|||6
865817|||40
445612|||6
283867|||7
212427|||15
247852|||15
935559|||21
492450|||6
561667|||30
891343|||6
43693|||6
224038|||6
552905|||6
1136961|||9
489669|||7
355202|||27
993865|||22
1009720|||10
1114892|||8
200832|||13
913900|||9
831933|||17
454627|||29
1089023|||6
1076791|||29
881936|||27
621245|||6
811565|||40
768406|||6
361144|||22
307586|||9
216751|||6
194631|||19
129518|||7
966594|||6
380539|||21
663940|||6
212348|||33
120570|||6
1024806|||39
542533|||6
538696|||15
1092437|||21
888350|||6
922576|||6
323572|||6
1038181|||15
393519|||6
1004600|||22
940121|||6
849382|||6
576341|||9
1005456|||6
180571|||16
199702|||6
696835|||16
966854|||21
908153|||6
4575|||6
506512|||7
799630|||29
529386|||15
305303|||14
729679|||24
885040|||6
305729|||12
480601|||7
64184|||22
297428|||6
197449|||11
237200|||7
311151|||6
1147436|||6
281438|||26
617865|||7
602358|||20
693938|||6
725236|||13
271360|||13
610434|||6
687073|||12
197983|||21
841842|||11
1141668|||6
930210|||6
768033|||6
775586|||48
636413|||6
997680|||6
281591|||7
690649|||6
496858|||29
888405|||22
147417|||6
151119|||16
952920|||6
665273|||6
1164325|||11
463605|||21
51469|||6
416196|||6
763071|||6
273478|||6
709838|||21
172927|||7
1074490|||34
673132|||18
1006572|||6
491297|||6
274360|||10
230184|||15
52500|||6
778692|||18
929668|||6
165818|||7
346234|||9
784536|||24
81755|||6
437512|||6
676972|||6
123642|||32
1075353|||6
810689|||26
920632|||6
965897|||13
921616|||13
159054|||23
226438|||12
789592|||6
465594|||29
474950|||30
305357|||6
14348|||7
95767|||18
1124340|||6
1184630|||32
542627|||6
1120495|||12
463758|||6
815800|||21
975746|||6
146806|||7
721246|||16
134441|||6
26293|||6
169480|||7
1071534|||6
349850|||30
184066|||24
1076977|||12
186731|||8
993307|||6
436405|||6
48682|||44
328718|||31
1147710|||24
315910|||6
511126|||6
789542|||6
188688|||9
967392|||6
944601|||21
365066|||6
322993|||9
195593|||6
973239|||6
729444|||6
974388|||32
661912|||6
1118756|||9
262278|||6
844135|||6
450002|||25
1163014|||25
688894|||23
663409|||18
260619|||21
603749|||6
579729|||7
975990|||14
835269|||6
446670|||9
83984|||6
143079|||6
1089706|||11
66024|||9
538032|||7
1149138|||10
76162|||21
892431|||6
756026|||6
129919|||28
350353|||16
694328|||6
245138|||6
795318|||6
267859|||38
813161|||6
134779|||6
68012|||12
786242|||17
1106304|||6
825150|||6
916502|||6
396217|||6
162762|||35
442571|||15
450141|||29
922776|||19
312815|||6
215092|||23
1037570|||6
841550|||6
934853|||6
871897|||17
624654|||6
633158|||7
63084|||6
828796|||6
1031097|||11
211390|||9
454834|||7
1168976|||6
505968|||6
375799|||12
150833|||14
422559|||7
445118|||38
986899|||38
299862|||6
448004|||6
542146|||27
770132|||6
296839|||6
148463|||17
451983|||6
207195|||8
891323|||11
207048|||9
6982|||28
420880|||39
694571|||6
352472|||26
1160074|||6
620336|||8
680856|||6
750740|||6
836887|||12
123715|||7
198350|||43
284824|||13
360244|||18
934136|||19
465868|||6
1088624|||6
924645|||28
628654|||18
567008|||6
1173401|||35
117767|||7
434577|||28
70874|||19
247954|||11
557955|||6
876094|||30
320286|||6
1061079|||6
503799|||55
603006|||13
382825|||18
561661|||6
939717|||6
529409|||7
1062564|||17
522203|||19
151849|||6
425498|||24
594510|||13
76731|||23
960845|||18
510289|||30
860376|||6
736031|||33
183980|||15
1068936|||6
956669|||6
950291|||6
760583|||6
979055|||6
400346|||11
1135027|||41
200262|||20
1181190|||6
58180|||6
362526|||31
234350|||6
419668|||17
884316|||6
37339|||6
622222|||19
233919|||10
580583|||6
920699|||14
729795|||6
959859|||6
319294|||6
54477|||11
576350|||27
139426|||29
483888|||7
1068181|||21
31335|||6
98833|||6
732129|||6
1062816|||8
395816|||7
53862|||6
1086544|||10
412028|||21
349244|||21
348155|||24
324106|||26
730245|||6
370821|||7
987460|||6
135720|||12
475766|||6
547969|||7
430596|||6
551341|||6
102626|||6
723896|||6
969095|||6
390635|||6
925125|||13
38874|||14
467114|||7
787936|||6
516392|||10
367419|||6
453458|||31
325225|||6
201378|||7
327137|||6
36199|||6
492454|||9
9476|||6
114538|||6
224368|||7
653211|||6
683496|||6
1000438|||6
792368|||24
284031|||6
420528|||6
989580|||6
1082905|||6
788413|||6
622243|||7
1127083|||9
98490|||6
348558|||6
723715|||6
173222|||11
333486|||8
511569|||6
114223|||6
1000794|||25
459231|||7
415826|||27
658971|||7
94759|||10
914221|||8
806129|||6
622798|||12
850509|||6
1064313|||6
695530|||6
245567|||6
480251|||6
406728|||37
475419|||7
330938|||42
218650|||6
1003959|||12
118281|||20
418614|||7
323896|||12
459359|||6
38390|||16
1123262|||6
598272|||7
1160548|||6
527842|||6
648327|||6
329102|||6
826541|||13
763032|||6
148267|||15
41392|||13
324199|||7
272317|||6
1099659|||11
235522|||7
412925|||34
980729|||26
460265|||19
735645|||6
912797|||6
678677|||6
460787|||11
1017240|||6
219415|||6
314892|||40
984878|||6
141421|||21
428720|||34
488098|||6
353284|||10
20971|||19
181480|||6
368802|||6
516030|||6
185933|||12
687574|||48
119723|||8
546763|||6
359061|||19
243917|||12
91922|||10
270886|||23
254671|||7
232254|||24
561970|||14
919414|||9
1089715|||43
369852|||6
114411|||27
979987|||6
235364|||7
968037|||13
768378|||40
908615|||6
756726|||6
213634|||7
78969|||6
663809|||6
1104294|||6
929343|||6
603945|||6
425026|||6
413007|||8
465667|||6
1072772|||23
294890|||6
218888|||6
746596|||16
803078|||23
835583|||6
110289|||6
213371|||23
809572|||30
219590|||10
61355|||6
790376|||37
211415|||6
220093|||24
424212|||9
506789|||7
958966|||31
733601|||6
249228|||14
358462|||11
596865|||22
139958|||11
379183|||6
1016722|||25
178621|||6
209678|||6
443178|||24
665346|||24
514273|||26
309512|||23
275364|||15
718369|||6
500852|||6
51176|||6
129835|||13
676865|||6
95859|||6
689359|||47
449305|||20
594214|||7
1167539|||6
203035|||23
523281|||6
519971|||6
1128550|||6
676526|||6
1133528|||16
854545|||6
927057|||17
511165|||15
703518|||6
572359|||16
105763|||37
745170|||6
607504|||28
137351|||6
132488|||6
561648|||7
190140|||37
362511|||6
92855|||38
286707|||7
576663|||6
749871|||6
435709|||7
707544|||6
209480|||15
218168|||12
562152|||13
680982|||6
519580|||6
1104998|||8
171611|||6
628151|||6
494623|||38
1150478|||13
558225|||29
123042|||9
519685|||28
839380|||21
629486|||6
982735|||6
226095|||8
634689|||6
602201|||13
63006|||9
460284|||19
222824|||12
107439|||7
596856|||6
879984|||13
189758|||9
475342|||12
540337|||12
684411|||15
204960|||34
511603|||6
170685|||9
990463|||6
818367|||6
888194|||14
921834|||6
731991|||13
245065|||51
704883|||14
155677|||6
191092|||29
397798|||13
276855|||10
950950|||39
396004|||6
235574|||12
185365|||10
608003|||19
88172|||17
204128|||6
1160252|||6
104992|||7
1182981|||51
485628|||7
51530|||10
134906|||7
1092130|||15
913208|||20
875881|||7
730258|||8
17305|||14
552196|||29
79314|||6
1062853|||6
42853|||13
258376|||19
56701|||25
3165|||22
249416|||22
396502|||21
337904|||6
474371|||6
569587|||24
934237|||6
510359|||6
562529|||6
240881|||42
821126|||6
719434|||6
844798|||6
546363|||6
880194|||25
196158|||7
104470|||7
1140397|||6
234983|||6
159036|||26
390495|||6
66608|||11
763221|||33
627622|||7
1064959|||26
1087185|||6
744909|||24
409974|||6
54759|||6
669790|||16
31605|||20
201846|||8
334282|||13
696267|||33
468068|||6
246128|||7
129994|||16
651755|||19
567837|||40
297890|||7
286475|||35
776482|||6
656238|||6
1097198|||18
1052025|||14
464433|||6
456310|||6
455257|||23
359009|||11
726351|||6
371583|||6
175529|||7
1168706|||24
607454|||22
55872|||6
117038|||13
829631|||8
618109|||14
396826|||6
585290|||6
204856|||8
1175780|||7
161480|||14
320697|||12
330200|||7
406659|||6
32004|||6
879010|||7
481865|||48
356422|||11
73727|||8
952954|||6
861308|||13
718062|||13
814563|||6
167767|||26
265126|||6
461276|||6
1034746|||6
564543|||6
921213|||6
940675|||6
662050|||6
747096|||6
861527|||6
964149|||6
399624|||6
152571|||32
1056154|||26
278117|||17
553500|||7
1060016|||11
442015|||6
671976|||6
1071094|||15
66135|||6
27032|||16
199969|||12
1113134|||6
1130810|||23
1019108|||10
72751|||13
366776|||17
1177384|||6
948687|||6
237263|||7
243666|||19
797123|||6
424971|||12
980798|||33
314031|||6
65597|||6
1043397|||6
209031|||34
585462|||21
685951|||14
415218|||6
444104|||6
709331|||10
787806|||29
872657|||26
620831|||13
305454|||6
861096|||31
602920|||6
776517|||47
204928|||7
1015613|||13
1109394|||27
269887|||11
27311|||16
808213|||13
187850|||34
220221|||16
529907|||6
600435|||30
272050|||27
1156175|||14
91085|||13
1132401|||21
747747|||13
765075|||6
398852|||7
93120|||13
741347|||11
197123|||10
876333|||6
350826|||14
80578|||6
741982|||6
596610|||6
1032325|||6
183098|||6
1003943|||17
178088|||7
531376|||15
598562|||6
78193|||17
1050349|||6
88439|||7
780497|||6
337767|||6
1175437|||6
52484|||6
940469|||20
708610|||9
386203|||6
1114458|||29
451859|||6
196966|||6
755857|||13
1059848|||6
804890|||6
810021|||6
508776|||7
472173|||8
314839|||11
621587|||6
1173720|||6
617630|||40
117959|||6
28990|||7
912849|||6
915733|||6
837701|||6
455843|||7
491935|||32
1122606|||6
205018|||6
289470|||7
468135|||7
563841|||6
711818|||17
219862|||7
443140|||6
219230|||12
884426|||21
1086123|||6
356993|||10
539180|||7
63393|||7
1163681|||6
862770|||16
469445|||22
614717|||34
653010|||6
270226|||11
809992|||32
419930|||6
73593|||7
656073|||33
636316|||35
259030|||11
908306|||6
819069|||17
320804|||6
259369|||20
218231|||6
465841|||6
102788|||26
373993|||6
273795|||8
300273|||6
310059|||7
320004|||24
277514|||25
1020417|||41
1172161|||6
552032|||7
526417|||18
230589|||15
750316|||6
161204|||6
465873|||6
545839|||25
124302|||28
955516|||6
631310|||6
272810|||6
722636|||13
376076|||55
73204|||12
316835|||14
924994|||6
1033898|||15
1043403|||6
436249|||6
971610|||28
27619|||17
48534|||6
468961|||6
87676|||25
46099|||24
940323|||17
236988|||6
217133|||6
520661|||6
343162|||7
322723|||8
164910|||6
1038738|||6
747202|||6
994813|||6
424920|||6
621177|||22
302992|||8
1031102|||44
1154309|||6
236034|||13
870778|||6
44619|||23
1013200|||6
603593|||6
1157124|||6
839853|||6
599586|||6
811424|||19
195687|||6
765566|||6
393562|||10
834408|||6
1159871|||14
785370|||22
156390|||21
89561|||6
328652|||6
898442|||15
488000|||6
1146078|||6
1010622|||6
1073663|||12
326971|||16
863809|||6
344023|||6
572834|||6
285975|||31
726106|||6
526375|||6
770758|||6
1131550|||6
784711|||13
405730|||17
737922|||6
46704|||16
1183482|||15
90876|||33
19292|||6
886876|||36
130507|||7
643132|||6
1044168|||9
308457|||18
1153736|||16
145998|||12
164004|||14
1090211|||23
860477|||28
642276|||14
940789|||21
360134|||13
441307|||6
1175370|||6
273265|||12
912379|||6
310427|||6
728918|||6
639609|||19
437637|||16
1149340|||18
228317|||39
510197|||6
595945|||6
971408|||6
474792|||6
128562|||23
876302|||6
916549|||6
442319|||20
167004|||35
681925|||6
396105|||6
297891|||22
1058739|||6
1092803|||21
467723|||23
1145222|||29
199523|||18
271304|||7
489003|||7
451558|||6
370349|||6
459380|||21
9037|||6
267555|||25
1150688|||18
217510|||21
556202|||7
1164844|||16
267187|||6
364506|||18
735977|||6
710211|||6
971464|||17
696514|||10
1073258|||22
2299|||6
1104278|||9
1059682|||6
143319|||15
1036865|||6
1109751|||48
510056|||29
1138603|||8
834825|||9
1175945|||11
301761|||7
782378|||6
183911|||13
613795|||11
142109|||6
1034898|||33
352117|||6
251532|||6
755921|||6
512417|||6
5101|||6
207824|||7
1048270|||38
811341|||31
952668|||9
156821|||10
611310|||6
1162316|||26
165044|||6
817409|||9
613792|||23
499281|||6
3579|||29
184832|||20
579450|||7
355950|||9
596000|||6
686170|||6
462528|||6
205075|||6
646908|||7
68912|||7
533295|||27
978956|||6
413542|||18
596821|||10
250440|||32
144101|||7
689624|||6
212646|||26
622002|||21
618556|||6
153289|||6
1068602|||23
653206|||11
1162525|||6
1027825|||6
328792|||7
226315|||6
286748|||24
270962|||6
905212|||12
344569|||6
692546|||11
549489|||6
772269|||23
312936|||24
107963|||17
118968|||14
667894|||6
418683|||29
174281|||14
450355|||21
1016566|||6
743960|||17
352074|||6
1021890|||6
493470|||11
194774|||6
344396|||28
1168215|||13
1108444|||6
1010668|||25
641395|||7
564892|||39
215831|||7
782150|||14
591230|||7
1111227|||6
50341|||7
902233|||6
480858|||6
476148|||6
67895|||6
30505|||10
352977|||20
1019324|||13
296649|||7
19953|||31
1113115|||43
645439|||6
342409|||6
281868|||8
1176839|||6
749886|||6
220124|||6
637698|||17
204303|||11
588166|||7
390658|||6
771894|||32
76350|||6
811740|||15
671739|||6
1074035|||6
548562|||6
228162|||6
697504|||6
341884|||6
151978|||7
532268|||6
1038919|||19
157995|||10
578119|||24
1068004|||6
106292|||8
211616|||27
660334|||8
729840|||30
725241|||6
188338|||16
1100190|||6
652176|||9
87517|||14
133342|||6
454029|||14
1100331|||10
268271|||25
313705|||6
620775|||10
341058|||11
467099|||6
226256|||6
1110658|||10
862780|||28
382696|||12
1000025|||12
881757|||6
712206|||23
997546|||6
286397|||10
1181163|||27
85417|||7
121364|||21
1140893|||12
1104195|||6
82259|||44
381656|||8
1084442|||11
935778|||6
480585|||6
319841|||10
533922|||6
975429|||6
203588|||15
748128|||23
252181|||15
723787|||6
445980|||6
807737|||18
49482|||6
129805|||7
31674|||6
455919|||17
719856|||9
468222|||7
575500|||26
618861|||6
623833|||6
565806|||17
241927|||15
675921|||6
622259|||28
481582|||6
673622|||10
262162|||6
1052593|||6
771235|||6
107592|||6
691952|||10
38575|||6
51929|||18
626886|||7
969929|||6
305330|||31
295275|||6
284742|||6
282540|||7
717223|||39
75444|||21
333884|||39
388805|||9
249362|||6
149484|||14
255796|||37
873287|||8
401229|||6
478238|||9
30900|||6
939201|||6
282728|||7
601260|||9
536606|||22
569116|||6
945109|||8
798711|||6
333588|||6
644060|||20
41176|||6
645136|||21
473544|||10
704706|||12
147513|||6
338743|||33
618891|||18
827466|||40
241564|||19
370555|||13
269915|||6
933638|||16
504179|||24
700741|||33
930009|||6
608067|||6
770632|||38
497129|||16
552585|||6
971673|||6
493778|||6
466079|||6
154761|||27
1088032|||6
834313|||14
839937|||6
63549|||6
648758|||12
994310|||9
952594|||39
440282|||7
946447|||6
1165529|||20
110872|||6
424746|||47
549515|||17
1117621|||6
222685|||8
516041|||39
943383|||6
465968|||6
246957|||6
381855|||15
292178|||6
580585|||6
905802|||6
114043|||6
306186|||6
649584|||6
560345|||6
362649|||6
48|||11
365208|||6
1053951|||10
933704|||6
484411|||18
814782|||6
140133|||6
670931|||6
1067701|||6
1147777|||8
391476|||6
1113204|||6
947898|||8
117084|||6
1079834|||6
57372|||10
953403|||6
563119|||6
322813|||6
410073|||7
339792|||6
946017|||6
1155006|||6
65291|||26
56544|||6
213147|||10
417875|||6
567545|||21
15288|||19
540714|||19
1001276|||6
502939|||10
1165138|||6
185191|||6
959795|||6
908342|||6
69794|||6
1006438|||45
731874|||19
333429|||7
662204|||6
555259|||7
1115746|||6
93435|||10
85771|||6
113342|||8
204054|||15
1069552|||14
1090900|||9
56583|||6
806422|||8
1019533|||10
1124917|||12
961539|||35
820585|||10
464965|||27
832334|||16
955265|||8
379904|||6
722738|||31
1087111|||9
252792|||21
17169|||47
131581|||6
1064134|||9
517531|||7
522779|||6
107675|||6
1031540|||6
946162|||6
878764|||6
564465|||26
457717|||23
277912|||33
13803|||6
916799|||8
470293|||14
301965|||6
315257|||23
1029533|||13
750702|||6
560639|||15
354247|||22
366971|||6
20020|||13
146723|||7
452085|||14
732746|||6
922984|||6
378357|||6
780863|||6
637221|||34
1042544|||6
303079|||19
416305|||9
1090977|||14
108250|||7
733615|||6
134735|||6
553086|||6
917053|||6
114441|||6
16068|||6
641102|||16
236671|||15
1018307|||6
1154567|||22
952680|||14
78153|||6
579840|||7
503070|||6
517819|||14
871488|||10
800031|||6
875949|||6
863884|||11
59445|||28
61438|||17
1072540|||6
914650|||11
146362|||6
979858|||6
163020|||18
1157900|||6
1039999|||6
537058|||21
723616|||10
522633|||8
175986|||20
624617|||11
563374|||6
511470|||17
715756|||50
316272|||7
622527|||6
795534|||44
132072|||6
590987|||22
211756|||9
904784|||18
640109|||21
67412|||7
330005|||6
766877|||6
86333|||6
266534|||11
381849|||19
586463|||6
960232|||6
366262|||7
168963|||19
584251|||6
464742|||6
500548|||6
457028|||6
845045|||6
276386|||6
545439|||6
882712|||6
792221|||21
925931|||37
1120471|||14
858480|||30
1157385|||6
476947|||6
425566|||44
612682|||14
53138|||10
1085317|||6
727039|||34
362442|||12
87760|||14
860647|||12
403151|||6
517187|||20
579012|||6
971041|||26
696281|||45
146570|||19
1099348|||32
75773|||7
981139|||53
1138170|||20
250184|||12
751376|||44
644290|||27
873280|||9
910177|||6
415210|||9
331555|||6
252145|||22
58918|||20
235975|||7
896716|||6
106229|||6
607665|||16
624471|||14
869312|||25
1063352|||6
456717|||23
1038548|||6
958016|||31
830900|||6
1061768|||18
237715|||6
496557|||19
511476|||6
1030869|||6
196684|||6
42153|||6
1139702|||6
551567|||12
499243|||6
118681|||6
114820|||22
60907|||6
812190|||6
58330|||10
772704|||6
1048935|||6
113259|||6
649098|||21
596786|||10
867514|||6
634446|||16
167426|||17
631973|||13
333750|||15
754058|||6
253392|||25
850754|||6
292087|||9
569469|||13
44356|||6
59201|||7
85389|||17
231759|||6
983574|||8
102060|||6
1053452|||5
51135|||35
61217|||24
86944|||5
1049653|||5
610394|||27
420273|||5
124635|||5
957337|||5
814793|||17
1030091|||5
126091|||5
241978|||26
123756|||24
587395|||13
536617|||12
416546|||8
759551|||5
932556|||10
397888|||32
475451|||8
243442|||5
840310|||5
341230|||5
1156921|||5
1023401|||16
557470|||24
326671|||31
857036|||22
391214|||20
476872|||5
147170|||10
617372|||6
209855|||23
284703|||5
977809|||5
579582|||5
578222|||38
355879|||29
1000024|||19
996922|||9
790910|||5
108814|||17
412438|||25
827492|||5
432965|||5
683390|||18
1096786|||5
1139994|||5
189230|||5
965228|||17
309752|||6
772887|||5
853089|||5
823431|||5
991956|||5
813945|||5
533056|||6
323843|||10
88409|||6
248697|||5
382946|||6
5468|||5
402303|||5
32511|||5
135921|||5
877674|||33
134302|||5
428694|||6
254050|||41
1103410|||5
183725|||9
807507|||5
954771|||5
27127|||5
254296|||5
167239|||15
516003|||6
211157|||17
574251|||13
491083|||5
188144|||5
1143260|||5
623914|||8
874819|||5
686267|||5
155951|||16
1037130|||11
571125|||6
939154|||5
1041730|||43
431316|||6
763581|||5
496383|||5
67720|||33
130770|||28
112677|||5
1055463|||5
179580|||21
385654|||13
450854|||5
175960|||17
556917|||5
81812|||5
446374|||5
823418|||11
496398|||5
1169438|||18
497826|||10
212679|||5
1132845|||25
681296|||5
695444|||5
543063|||5
604989|||9
1055505|||16
416816|||35
597083|||8
132196|||5
600426|||9
604904|||13
768053|||17
317205|||31
820094|||16
408701|||5
1171833|||17
943078|||5
677181|||12
535515|||35
198626|||5
792637|||5
59476|||5
210179|||5
633528|||10
1133544|||5
889692|||5
57671|||12
1051311|||28
1070862|||5
632958|||6
165922|||15
332505|||23
767855|||5
568331|||8
657974|||5
398889|||12
1021457|||11
1165789|||5
566466|||17
547394|||5
487854|||24
118374|||7
252371|||7
71306|||23
358220|||31
447778|||17
857212|||20
429052|||5
414097|||11
528635|||16
388287|||5
949860|||5
331479|||27
708782|||5
522293|||5
278492|||20
356503|||6
357601|||26
498063|||5
799315|||35
642765|||17
369037|||5
105672|||6
69397|||5
1054785|||10
46998|||5
737858|||5
389413|||5
232289|||6
1088561|||10
633482|||5
1093727|||5
451528|||16
552605|||5
1073685|||9
1114852|||16
1085810|||27
494187|||11
638485|||5
452385|||6
406393|||19
53010|||5
769766|||5
937366|||17
263369|||17
908265|||19
965979|||5
81416|||27
992902|||5
495014|||21
1007192|||5
1011198|||5
504686|||6
585715|||31
102760|||5
489034|||5
468699|||48
523700|||27
299883|||5
1117353|||7
87079|||5
983589|||5
264835|||5
353167|||5
629243|||5
338731|||11
760983|||5
668668|||5
48285|||13
199970|||5
548026|||5
110672|||5
1144217|||15
192608|||5
534001|||27
593266|||9
1138589|||5
682176|||5
78965|||5
290035|||9
57466|||5
68707|||5
561971|||5
1153107|||8
918514|||5
315676|||20
420843|||18
95290|||5
881814|||5
517961|||5
876770|||14
241883|||12
721291|||5
459808|||5
844734|||5
367310|||5
855688|||5
219331|||22
651749|||22
597526|||20
689757|||5
213272|||5
887221|||5
1074869|||5
903653|||15
159048|||5
259886|||25
377820|||5
100732|||5
816188|||20
960925|||5
665840|||5
4021|||9
145915|||51
536065|||26
381967|||18
800890|||13
513748|||27
256314|||5
190436|||5
1059145|||5
786877|||5
534323|||5
1141504|||5
231987|||5
75045|||9
305749|||5
915985|||15
1127373|||5
1176413|||31
263941|||14
765167|||5
1088043|||5
1182813|||43
1148801|||5
948665|||11
356384|||19
967440|||14
324160|||26
816181|||11
538860|||5
574216|||5
52896|||5
765830|||5
752106|||5
945470|||5
408813|||24
399481|||5
475219|||24
608460|||5
959946|||5
617315|||5
1180484|||14
142998|||13
131724|||5
763544|||5
449596|||5
192251|||5
1148583|||8
503534|||40
535537|||30
327302|||40
881021|||38
1101802|||34
1115316|||9
194509|||18
417214|||13
828559|||12
647511|||5
564631|||5
311096|||5
473722|||5
525321|||30
267186|||7
540996|||5
208960|||22
174674|||6
625598|||5
66007|||5
104416|||8
84403|||5
1091167|||11
563112|||5
909486|||5
931133|||5
23322|||9
465903|||5
93998|||5
115463|||6
638518|||21
558482|||5
1143419|||10
246299|||23
34467|||25
1075981|||24
76928|||5
970672|||5
3825|||16
209781|||15
245445|||5
927410|||5
171585|||5
183395|||5
583209|||5
1076790|||20
70944|||6
1129760|||5
502230|||5
656212|||5
11098|||17
689325|||5
268416|||5
847638|||26
416428|||19
545145|||9
240556|||6
506599|||5
321478|||15
488892|||5
844420|||17
409469|||6
933102|||5
23431|||14
105137|||24
143614|||5
71577|||5
425199|||5
181704|||12
561725|||10
253736|||5
1118305|||14
187924|||39
1048044|||5
98082|||18
485540|||13
919534|||8
32994|||6
595146|||5
221606|||5
416487|||20
779190|||5
122194|||5
1018094|||10
679262|||5
660744|||11
122988|||5
31912|||5
691858|||5
654401|||5
772268|||42
268460|||5
339640|||14
1123046|||11
296055|||8
237352|||5
614895|||5
204030|||22
575053|||11
73877|||34
348469|||35
348451|||7
36593|||14
487575|||10
550054|||19
219636|||5
160435|||12
982800|||9
316538|||11
205366|||5
158602|||23
410674|||5
93535|||9
694514|||5
705255|||5
815304|||14
634590|||5
1120299|||5
704465|||5
620038|||12
174476|||5
211083|||31
1050676|||18
31045|||5
349818|||10
201488|||40
1105630|||36
1022477|||5
239112|||5
509372|||10
447456|||33
521686|||13
161384|||5
588192|||5
292660|||5
683874|||5
1163437|||5
193074|||9
438482|||6
28080|||5
597571|||15
345794|||5
1021789|||5
221587|||13
556382|||55
899918|||20
783973|||5
841170|||5
995695|||14
411805|||5
161942|||5
651149|||13
408842|||14
785643|||12
1157924|||5
182444|||12
239195|||5
920409|||9
840207|||5
55736|||6
143873|||45
1161576|||5
437909|||8
817450|||23
1176306|||5
746875|||5
667237|||18
1016135|||8
641730|||14
520079|||13
822221|||5
672638|||5
220964|||5
531649|||27
443943|||21
1038767|||5
102564|||5
10900|||21
356768|||5
568421|||6
2093|||17
1109679|||5
466234|||5
944906|||9
13980|||5
621326|||7
816446|||5
54175|||5
791009|||5
1069556|||5
245316|||6
524420|||9
513786|||6
107705|||5
1106343|||5
664249|||5
728846|||18
183726|||5
657986|||13
1176932|||5
301308|||10
353975|||38
162269|||5
339017|||5
937425|||5
1169103|||5
861883|||5
120595|||15
272658|||32
850642|||5
465560|||5
251321|||8
84312|||16
830684|||5
436506|||5
669425|||16
146835|||5
955654|||34
590921|||15
11848|||5
654463|||9
66294|||10
1141057|||15
941047|||5
193401|||15
830539|||27
750965|||19
515980|||7
690791|||5
358686|||16
847182|||16
783370|||11
541489|||5
99770|||6
621706|||22
510771|||12
268758|||21
819148|||5
112963|||5
448524|||22
92879|||20
220171|||5
201620|||14
174703|||11
411604|||20
131970|||5
718679|||7
1003843|||14
1050277|||9
322716|||5
737497|||32
847498|||5
191670|||16
1037058|||18
530628|||6
967066|||5
80651|||5
877304|||16
939756|||9
158129|||5
485935|||5
320217|||21
248858|||16
7975|||10
44960|||5
968768|||23
413357|||31
274544|||16
937192|||18
1113082|||16
331855|||5
186532|||6
17937|||8
30856|||5
764658|||25
91855|||13
258690|||12
720027|||8
1110004|||19
385264|||9
681337|||5
271412|||5
1118609|||5
1061573|||8
954332|||5
141854|||12
999282|||10
1061887|||22
646067|||24
575324|||5
1170256|||37
914884|||5
13615|||25
810960|||5
877661|||5
87563|||5
530330|||5
452560|||15
44293|||5
1081895|||25
164845|||18
125916|||5
191492|||17
505962|||27
511124|||9
1000525|||5
117878|||15
698465|||15
1094272|||9
125185|||5
365419|||6
105634|||5
290603|||6
182549|||25
394906|||6
311717|||5
741421|||8
44542|||10
1051099|||25
371224|||48
860970|||17
234814|||6
151388|||5
515445|||16
235350|||10
282814|||5
989065|||16
764553|||8
474645|||6
855493|||22
264718|||5
380934|||8
907464|||27
782696|||5
194589|||5
257328|||6
61637|||5
121379|||5
925773|||5
762257|||5
105726|||6
501496|||10
957412|||15
4075|||5
169981|||17
692256|||22
935766|||13
618659|||5
927748|||5
423145|||5
645260|||6
1026229|||11
478583|||5
268732|||5
1144993|||19
81479|||5
334855|||14
505414|||5
392581|||5
377410|||17
185015|||6
331802|||5
211438|||5
614990|||15
945125|||5
289173|||16
170474|||5
93989|||5
49997|||11
783060|||14
37018|||5
1152717|||5
389368|||9
872319|||5
580045|||9
915715|||27
437438|||10
739375|||5
810837|||5
387044|||5
1170276|||5
490059|||6
612756|||5
135280|||5
2741|||5
495729|||5
596440|||8
124984|||6
338578|||18
77581|||28
332985|||8
439171|||5
1092151|||6
105200|||6
1151484|||5
210495|||17
653732|||5
287303|||5
1167323|||5
737706|||28
53257|||14
225995|||22
529598|||5
1061143|||19
375654|||17
409871|||5
406870|||32
814276|||18
638336|||6
806853|||40
848347|||5
625247|||6
279713|||6
23443|||20
453941|||5
1121268|||17
274561|||5
737594|||10
87858|||5
256640|||6
1055252|||5
21623|||5
589823|||5
1023962|||35
41091|||6
206335|||5
936923|||15
733548|||5
932561|||25
590821|||6
651643|||26
1063754|||11
553172|||5
53019|||6
241576|||10
57589|||25
1047597|||8
389250|||5
1088837|||5
535947|||6
484617|||33
569894|||5
125178|||11
365714|||12
687533|||21
915777|||8
612016|||6
207549|||8
43731|||6
256422|||5
920777|||31
624939|||5
874368|||5
463518|||5
269523|||20
926576|||5
330320|||5
73899|||6
803384|||9
839999|||8
540930|||24
995275|||5
302417|||13
1044264|||15
470837|||6
325519|||5
208560|||12
1097138|||5
202310|||37
32593|||17
379571|||13
388353|||5
478428|||27
1168570|||7
1073456|||5
145900|||30
583613|||5
501474|||5
583233|||24
1047289|||16
405261|||8
498314|||5
742403|||5
407906|||14
966202|||28
314946|||16
1104735|||5
63447|||6
247225|||6
1156775|||5
1092046|||16
885366|||11
308318|||13
659741|||5
40639|||5
1181456|||5
402161|||5
850745|||11
269929|||5
233506|||5
1164976|||28
843320|||5
271952|||5
1180409|||5
794077|||13
289656|||5
44247|||6
724415|||18
846999|||5
22006|||19
507288|||17
629296|||5
670085|||21
621895|||8
859815|||5
501959|||5
317516|||9
133282|||9
640653|||8
776667|||5
397902|||14
401538|||5
768080|||14
15376|||21
504015|||11
78898|||5
32806|||10
59216|||14
461995|||5
749143|||11
14623|||6
117718|||17
1155114|||8
608184|||6
938867|||5
415357|||5
840111|||5
523357|||5
676224|||5
365441|||15
368358|||14
471485|||18
1044026|||5
91133|||5
363317|||6
550596|||48
38667|||41
548626|||5
400587|||5
20343|||5
486151|||24
5178|||15
445585|||6
680385|||5
261603|||17
148092|||6
735572|||12
727776|||31
328205|||19
373446|||14
393442|||22
946654|||5
256635|||5
121404|||5
273952|||53
881114|||5
119235|||6
514087|||5
829271|||10
475307|||14
247657|||5
870058|||30
786573|||5
68065|||9
399814|||5
1001192|||10
286916|||14
532668|||10
442212|||18
190351|||5
6033|||17
568927|||5
87259|||5
1173003|||9
669684|||5
943100|||26
1075292|||5
1076019|||5
950420|||5
947378|||29
280191|||5
168683|||8
589704|||26
255780|||5
386687|||5
37405|||23
1094891|||18
1089966|||20
288487|||7
516805|||5
205108|||5
342221|||5
57371|||5
313222|||5
1125287|||5
584188|||25
1147125|||5
163484|||9
153203|||5
974703|||5
434538|||5
240477|||7
102563|||6
1013134|||15
640409|||5
477944|||14
86501|||6
648948|||25
242468|||5
744682|||5
406805|||6
70340|||5
40993|||5
387597|||5
718662|||9
103811|||6
313999|||5
304269|||5
282174|||5
668846|||5
751607|||9
1029018|||5
903280|||5
521763|||5
22005|||6
146114|||5
1075122|||5
941368|||5
874795|||13
1093221|||5
208006|||21
504357|||15
987127|||5
590376|||14
536598|||5
8483|||13
268942|||6
1076759|||25
269503|||9
241196|||5
460289|||14
960823|||5
619637|||6
393829|||9
295946|||5
584392|||5
468066|||9
1036547|||5
330475|||5
1078307|||5
56218|||6
939775|||20
473563|||6
595734|||7
253710|||5
180658|||5
747776|||5
1053787|||5
558635|||6
216217|||9
469720|||6
1114534|||5
771375|||5
973209|||5
771897|||22
222065|||9
531576|||18
212925|||5
238962|||5
435614|||8
336684|||13
1177783|||5
114060|||14
754272|||5
783989|||9
56522|||5
375143|||35
49018|||6
231304|||47
649791|||5
929000|||5
1155163|||12
618007|||6
455090|||5
584060|||8
744242|||5
452244|||5
378928|||5
633779|||5
776322|||12
6721|||5
237948|||5
208019|||5
255220|||5
694318|||14
21899|||5
486687|||36
428181|||11
79899|||42
493844|||5
75359|||7
1153636|||5
151085|||6
662685|||18
122149|||49
328301|||6
975135|||11
770751|||5
525984|||8
464032|||13
984141|||5
1005825|||5
463893|||13
138111|||5
337959|||14
289307|||16
273055|||9
897487|||10
875340|||8
751348|||5
231456|||5
643541|||5
829838|||28
813974|||5
902555|||15
992143|||8
196177|||9
776568|||5
820523|||5
898333|||5
122024|||5
169934|||5
570904|||8
350021|||5
614646|||30
475566|||33
1128905|||5
190148|||5
480495|||5
1134698|||9
42201|||32
42301|||18
654136|||13
25466|||10
146267|||8
867889|||5
852761|||5
1160800|||5
1099189|||5
152986|||5
996888|||26
468303|||5
383434|||17
869306|||16
752217|||10
662695|||33
944706|||5
394797|||5
418899|||5
475717|||5
652697|||33
204465|||12
586994|||5
353277|||6
300254|||6
853513|||23
114661|||5
550486|||5
1005987|||8
400881|||6
1114607|||17
187790|||43
473556|||5
279524|||13
570366|||5
556817|||5
25246|||5
1098824|||8
1165375|||11
413626|||5
1015256|||5
1008405|||13
1089944|||5
837294|||18
1129986|||20
427090|||12
184334|||5
496622|||12
596382|||9
207047|||5
300634|||11
795305|||23
722899|||5
228682|||27
181427|||16
394679|||10
832813|||8
531594|||6
709201|||31
1099764|||13
440402|||10
408549|||9
636898|||6
287007|||5
703949|||15
449421|||7
492124|||14
738660|||5
68483|||12
479538|||5
643952|||43
1003407|||13
856482|||5
184763|||5
463391|||19
1009227|||5
814212|||12
506057|||7
534203|||5
221518|||5
553317|||6
827013|||5
1112829|||9
680513|||5
794606|||5
711781|||10
27882|||5
192619|||5
458874|||15
604350|||32
1152683|||5
501754|||14
586094|||26
213407|||10
262077|||16
1156800|||5
377448|||16
751198|||44
247503|||9
569210|||5
468793|||5
184178|||5
51493|||5
239947|||18
712840|||5
615534|||16
802323|||17
399860|||11
808950|||5
262087|||6
207075|||14
47276|||5
682191|||24
338723|||26
190421|||5
86037|||9
325185|||5
281969|||22
217967|||6
38462|||16
371782|||5
952735|||5
14853|||6
1157879|||5
620794|||35
503004|||18
728777|||5
233368|||6
252213|||5
1064449|||5
275198|||17
682629|||9
1039497|||5
998351|||5
58335|||5
750995|||15
519073|||5
1065171|||9
362402|||16
1006445|||5
35757|||5
1098081|||37
771076|||5
472837|||5
62266|||5
62139|||16
686977|||25
1128888|||5
583182|||16
991131|||5
235357|||6
923858|||5
1036411|||5
126243|||11
907114|||10
197812|||23
67077|||5
966459|||35
565057|||5
192492|||5
279320|||5
395432|||5
418293|||13
315143|||33
170060|||25
843543|||31
181250|||5
448723|||12
401848|||5
390940|||5
558739|||6
251252|||5
64216|||9
805636|||18
260263|||5
645661|||5
1053307|||5
129063|||5
530339|||12
870454|||5
557667|||13
6045|||5
712868|||9
109225|||9
626207|||24
367926|||10
531664|||5
248486|||12
913240|||5
457721|||20
734424|||5
406021|||33
27459|||6
936566|||25
668635|||5
547786|||5
526146|||24
576239|||18
547456|||5
174253|||5
311826|||18
606017|||38
377314|||5
493276|||9
346423|||23
642778|||5
809818|||5
685816|||5
49214|||5
819191|||14
332060|||5
36216|||17
955157|||10
61660|||26
174050|||6
943925|||5
667535|||5
1072862|||10
717404|||18
602739|||8
173459|||16
398078|||6
576986|||5
53515|||7
310324|||31
341812|||5
1025102|||5
43844|||22
252061|||5
385743|||15
1078341|||5
884082|||5
314717|||5
476242|||6
460470|||5
104218|||8
343928|||13
766546|||5
454912|||14
805942|||5
146295|||5
788796|||5
211154|||5
237102|||5
857404|||25
1033192|||5
633288|||5
95495|||5
561664|||9
416101|||13
611799|||8
217079|||5
348060|||19
786134|||5
888758|||11
814452|||11
139962|||34
445879|||12
125407|||8
94634|||5
485008|||5
95817|||5
158449|||15
129941|||6
506192|||6
315700|||5
128919|||5
392401|||5
546583|||26
1102168|||5
592011|||21
385021|||6
334204|||13
982913|||5
358016|||9
344646|||9
88699|||5
796934|||5
370557|||8
428241|||10
385504|||34
192687|||29
28441|||5
750338|||5
768207|||9
625218|||5
167007|||5
630736|||20
30621|||5
24018|||6
1097797|||5
263778|||18
849472|||5
716370|||9
688997|||10
809926|||20
549386|||5
461424|||17
917786|||5
522962|||5
263044|||6
830345|||5
673526|||5
374433|||5
278486|||21
282586|||9
760415|||16
210281|||15
63467|||5
1020596|||5
1152187|||34
1071535|||5
141081|||5
224834|||19
761153|||21
1028171|||19
691969|||19
517564|||12
446507|||12
1166920|||5
282009|||26
902070|||5
1034787|||18
970704|||5
879161|||5
1127410|||31
204500|||38
665927|||48
127163|||11
557634|||5
1138762|||5
92048|||9
410725|||5
900865|||32
599755|||6
447005|||16
291980|||5
632679|||15
323996|||15
1044691|||5
676613|||5
245780|||41
354714|||6
521488|||11
378808|||5
673814|||5
139925|||20
383526|||5
1084344|||14
90337|||30
464681|||5
919551|||5
523134|||8
940261|||5
236560|||5
54786|||7
178145|||5
429479|||6
381561|||10
693594|||5
827245|||25
470750|||8
401051|||5
586837|||5
302687|||11
439294|||10
722858|||11
813389|||31
375027|||10
737095|||5
50127|||28
738663|||5
924610|||5
969375|||5
198387|||5
684670|||27
1036288|||13
53501|||33
475712|||35
329991|||26
100300|||11
1108348|||5
915038|||26
469669|||5
953103|||5
938567|||5
712391|||17
897219|||5
1061074|||5
1162362|||5
731142|||5
836572|||17
1184939|||5
126769|||11
320035|||12
584816|||5
75837|||13
909094|||17
797011|||17
649654|||12
557816|||17
296760|||5
949144|||9
363751|||5
533355|||5
147650|||5
386319|||5
402609|||15
800161|||5
44977|||5
906646|||21
394828|||17
91118|||6
58737|||32
961966|||5
385730|||5
32940|||36
833791|||5
96020|||5
624481|||9
355267|||5
1105242|||25
381367|||19
931450|||5
187125|||31
143450|||5
235012|||14
57744|||5
576962|||5
827180|||7
226760|||31
1055086|||5
5515|||16
1122554|||5
376265|||17
1098972|||5
485184|||5
409180|||24
587078|||11
32759|||5
468445|||5
600319|||9
1053183|||14
223313|||5
423579|||11
966345|||5
265647|||5
701610|||23
20831|||11
709704|||5
895151|||5
368622|||5
1145128|||5
1122067|||12
256248|||16
152872|||5
398781|||26
526891|||5
391004|||40
56727|||11
800246|||8
612718|||6
189954|||5
15505|||6
786000|||21
513156|||5
115766|||5
1071877|||5
454111|||5
116454|||5
1032386|||7
1143270|||27
992363|||5
582977|||8
251944|||35
1047420|||5
119609|||5
1092138|||8
600556|||5
556968|||15
692764|||19
94452|||5
1080157|||31
625088|||5
240957|||6
368207|||5
844116|||5
661509|||5
268728|||10
24865|||20
529123|||6
710577|||6
1017574|||11
632942|||6
684231|||26
106440|||21
226123|||6
595337|||5
484266|||13
59995|||5
907236|||5
477535|||11
944110|||9
20879|||10
1102622|||5
733258|||14
876918|||26
617030|||17
237311|||5
441604|||5
537823|||5
628984|||6
236418|||36
411635|||5
834277|||28
670487|||5
1080093|||5
57463|||5
972098|||5
88445|||6
644662|||21
511068|||8
914988|||5
1169357|||20
1115692|||30
570250|||5
463227|||5
575951|||19
615567|||6
1014153|||5
780431|||5
1158493|||5
481484|||5
449183|||28
749845|||5
331515|||12
44301|||5
610842|||12
951021|||5
680906|||28
531446|||26
1078582|||5
70265|||5
30001|||57
1026625|||5
252189|||5
784600|||14
488798|||12
280147|||44
1053535|||5
242627|||18
310378|||19
456267|||5
800765|||5
1010721|||22
1020082|||5
81143|||5
788598|||5
255426|||5
28242|||5
220005|||5
601102|||13
888173|||12
410603|||5
755380|||5
368547|||6
593044|||17
27541|||33
277031|||6
840515|||5
418768|||8
659146|||17
772427|||26
1071416|||16
203759|||9
1167178|||5
483787|||9
400941|||22
972154|||13
182654|||6
901011|||5
348167|||5
962512|||5
461529|||5
448290|||5
147827|||11
1175722|||9
3142|||5
212419|||5
670271|||47
790400|||29
433791|||10
457628|||32
455515|||5
1047415|||5
1160316|||26
1081297|||44
554103|||30
1055415|||13
955588|||12
1071365|||5
625249|||41
58097|||5
144079|||6
286390|||6
615966|||5
339429|||5
249757|||5
396326|||19
1082613|||5
390077|||21
775895|||5
172683|||6
448988|||20
508238|||5
965461|||5
137748|||13
802962|||28
1024576|||25
443480|||5
762965|||5
628284|||5
837777|||28
84236|||7
32963|||8
763531|||5
532179|||5
1001533|||10
730316|||17
135396|||5
833653|||5
821299|||18
11730|||5
523156|||6
340444|||5
305792|||22
1007893|||21
502596|||35
285818|||14
141196|||9
195365|||6
471363|||5
906207|||9
928803|||22
147664|||14
717677|||15
554787|||5
499739|||9
587278|||6
385280|||5
179203|||6
819183|||9
585376|||6
613718|||6
8916|||17
349240|||5
638514|||14
481794|||5
32416|||5
649634|||10
140384|||5
260862|||6
85681|||5
447467|||5
438204|||5
257931|||14
51281|||11
1136352|||11
442478|||14
443532|||42
1070256|||23
447550|||16
309190|||9
1079985|||42
1003772|||51
147752|||13
873223|||5
886530|||37
1045006|||5
170160|||6
330100|||26
437253|||6
366237|||17
121719|||6
478023|||19
185695|||6
828034|||11
1153295|||44
579677|||5
32466|||11
1084654|||5
59061|||5
805341|||5
25655|||12
348182|||9
987382|||5
634786|||18
1007873|||5
873506|||5
911268|||13
757416|||5
902554|||5
461221|||8
518811|||17
172718|||15
579109|||10
1099263|||5
248937|||26
547467|||18
271044|||5
410894|||19
711933|||5
947483|||5
1057983|||5
302389|||8
973101|||5
182289|||26
1094542|||5
62637|||5
3176|||23
791460|||5
708762|||5
423658|||11
493752|||30
617670|||16
276826|||5
1099927|||26
300693|||5
87659|||14
573472|||5
429766|||9
74105|||5
612367|||8
301019|||6
547601|||24
246853|||6
110555|||17
197140|||15
286819|||5
1181038|||5
103961|||14
260112|||5
244768|||5
997242|||5
87941|||12
854565|||34
215172|||5
621905|||11
134129|||6
93465|||5
707347|||37
774817|||5
971617|||13
602682|||5
605619|||5
664882|||10
136219|||27
766890|||5
165374|||9
611461|||6
570863|||5
279239|||5
28816|||5
680229|||22
538973|||16
979043|||21
251000|||26
942072|||18
290980|||15
214643|||6
648776|||5
124657|||22
181019|||7
1161155|||19
885003|||5
876938|||5
996140|||32
751290|||5
479875|||5
1015299|||11
556910|||6
819259|||35
187028|||5
217922|||8
1123862|||17
298453|||5
792008|||26
551387|||12
255707|||5
851292|||6
1107631|||5
354446|||5
263885|||5
1129133|||5
225908|||5
866839|||5
280716|||20
670072|||5
577036|||21
627648|||11
450773|||8
968443|||11
1126798|||17
214918|||30
967694|||4
474068|||4
533434|||4
576014|||4
477771|||11
470669|||12
243643|||4
864097|||4
412864|||7
523045|||13
232575|||5
702864|||4
289495|||5
674112|||15
671557|||4
410360|||16
745220|||4
293162|||5
158760|||5
168322|||24
547568|||24
48756|||5
257102|||12
526465|||5
184697|||4
1041889|||4
483193|||10
91281|||33
67344|||4
135576|||4
716240|||4
361922|||4
364236|||5
319038|||4
643605|||4
235321|||4
460510|||5
526043|||20
538429|||8
934566|||4
367425|||4
957873|||4
602072|||34
282076|||4
719571|||23
548800|||5
350595|||4
479065|||9
585817|||4
696261|||48
713488|||4
347154|||5
718069|||4
252264|||4
508431|||30
697667|||22
483871|||4
646346|||5
581823|||4
130852|||5
597383|||4
225366|||10
462999|||4
762638|||12
653502|||4
559385|||4
166480|||4
1118890|||4
1079587|||4
1156323|||16
856165|||4
230629|||37
1044969|||18
970168|||4
115964|||5
784306|||4
896320|||36
1120800|||4
47966|||11
155856|||15
843629|||15
524059|||8
75470|||5
878736|||4
889286|||4
153171|||12
487138|||5
394502|||8
330301|||4
121968|||4
1013495|||19
749884|||4
804129|||12
613889|||20
944037|||4
693574|||10
1125757|||4
117708|||4
256373|||4
11890|||4
211514|||4
734438|||8
267751|||5
891763|||8
1041621|||51
569913|||4
138362|||5
83411|||16
842131|||4
703406|||12
395087|||9
767719|||9
707618|||11
817944|||4
461853|||18
354520|||4
917356|||4
565821|||29
523912|||4
716438|||10
277089|||4
642254|||12
1117188|||18
655111|||4
102175|||8
261483|||14
523053|||4
38951|||4
1123788|||12
122815|||4
760808|||4
1158254|||4
833181|||9
539573|||5
854350|||31
338980|||19
815652|||4
533895|||4
127656|||5
648774|||24
369051|||5
952968|||4
343898|||12
1137918|||4
49508|||14
656575|||9
525615|||14
19280|||4
573665|||20
791250|||20
146581|||5
564589|||4
306349|||4
621739|||4
871260|||14
1070749|||20
861132|||4
444083|||19
920803|||4
1065254|||4
1059024|||24
780451|||4
1161739|||25
446833|||4
323716|||4
494041|||6
1063086|||11
65873|||5
947701|||24
578805|||4
821780|||4
921963|||7
1152217|||14
867072|||4
420214|||4
710943|||15
749092|||4
387165|||4
126350|||8
372470|||4
405489|||4
660050|||23
628040|||4
869166|||4
16439|||4
1005512|||9
160668|||4
184636|||16
641273|||30
758307|||8
342138|||22
714555|||4
535098|||5
1012537|||4
169953|||29
5822|||4
853793|||4
195171|||45
362894|||27
674262|||14
381695|||4
388409|||10
1106618|||8
356007|||5
1110767|||4
108349|||10
1123997|||10
551206|||4
628899|||5
932056|||4
981221|||20
722871|||4
198134|||28
290487|||5
61951|||4
1084775|||14
336418|||14
417044|||11
47889|||4
691857|||4
976185|||14
733883|||25
142309|||7
700747|||4
46709|||4
775815|||21
94938|||4
283553|||24
314094|||5
1087274|||16
1119016|||23
772221|||14
271758|||16
248296|||8
506620|||13
876060|||14
134746|||4
1131459|||4
286533|||6
421819|||4
823713|||16
757225|||12
24997|||19
504718|||4
1059431|||10
1064818|||4
692305|||7
463058|||4
701404|||13
769459|||29
1063079|||4
442916|||15
881122|||4
705359|||16
470518|||4
113216|||4
591451|||5
648262|||12
1133751|||4
202440|||18
474674|||4
939622|||4
1016094|||8
115482|||4
490090|||16
254910|||4
177335|||4
329875|||4
134767|||19
90780|||5
847155|||17
292449|||8
856796|||4
324306|||10
855995|||4
1157474|||8
896654|||4
660608|||5
380331|||10
201180|||22
483728|||5
903932|||9
1013897|||4
239375|||4
600484|||18
557819|||12
263260|||4
413833|||5
1116406|||4
929038|||4
1010500|||4
968951|||4
121229|||4
486480|||4
580652|||8
101358|||5
180965|||6
282356|||4
479070|||12
587900|||25
448049|||4
1064219|||32
579033|||5
1069775|||4
306717|||5
426232|||12
576280|||4
967796|||15
1047506|||4
827159|||4
253539|||17
296818|||4
252965|||4
940687|||8
1054537|||18
676893|||4
469020|||12
579000|||4
1116501|||15
321810|||4
755360|||9
92909|||5
361881|||12
536074|||4
800946|||4
166971|||4
464567|||37
649222|||4
607407|||9
1144659|||4
437386|||8
705161|||15
82323|||10
366718|||4
735703|||4
1072118|||10
357855|||30
543928|||4
897668|||4
306716|||11
460266|||16
60110|||21
978139|||4
57017|||9
49723|||17
897008|||4
513632|||11
972107|||4
270725|||12
514887|||4
380944|||4
100718|||9
1064872|||12
50037|||22
394978|||54
1010947|||40
114480|||11
980143|||4
141351|||10
495747|||16
351410|||5
743575|||12
589899|||4
232651|||8
570175|||4
681757|||4
624961|||4
780001|||31
921035|||4
550635|||30
738615|||5
995362|||22
312619|||18
907656|||18
296199|||6
801520|||4
108808|||4
1028061|||9
1169895|||4
87404|||4
202417|||4
52437|||4
892838|||4
753971|||7
787336|||14
326287|||11
535706|||4
1103921|||4
369032|||5
1097382|||23
390378|||4
854085|||4
526915|||5
120154|||5
1037492|||17
869101|||4
95466|||18
569678|||5
903778|||4
708527|||4
1137909|||4
489379|||25
220008|||12
519733|||4
856486|||24
972327|||42
833858|||15
758999|||22
117943|||4
1102011|||4
401350|||10
812153|||4
119321|||5
682206|||4
752841|||9
276836|||4
862276|||14
609670|||16
914415|||8
1041794|||4
567232|||27
952686|||14
615587|||13
287081|||4
965932|||4
221715|||22
604847|||5
685092|||55
99655|||4
267068|||4
259707|||4
527|||4
637828|||32
779740|||4
340249|||20
1099266|||4
207593|||11
643062|||8
665754|||4
370075|||14
205688|||8
184117|||4
901767|||18
36954|||4
161977|||4
1091502|||10
1135390|||63
68937|||4
1051841|||4
523356|||18
687602|||4
986831|||18
1033473|||7
1067369|||4
306104|||9
484261|||5
2847|||8
708816|||4
1059232|||8
562455|||4
217856|||5
580370|||15
985871|||4
279684|||9
483430|||4
579319|||4
126736|||4
342222|||4
799807|||4
439963|||8
166200|||4
1182690|||4
1101715|||4
77602|||4
186402|||17
1123327|||4
1004608|||4
39226|||5
543548|||5
570093|||24
728786|||4
463278|||4
51858|||4
103014|||8
157765|||28
110813|||31
414529|||10
528438|||22
190251|||9
182442|||5
1079250|||4
217147|||4
316892|||32
438822|||14
1052162|||9
391205|||4
1089511|||4
438865|||18
984177|||24
391200|||10
109217|||11
156748|||4
157464|||4
418368|||16
1018525|||4
271061|||8
412688|||4
979813|||4
219057|||6
141909|||4
309785|||5
959949|||5
746558|||8
337563|||14
1066793|||4
1102186|||4
1106039|||8
35437|||10
832506|||4
182650|||32
858964|||19
155834|||4
1151476|||14
355934|||9
593119|||6
859176|||15
517158|||4
227983|||9
886098|||11
553991|||4
734516|||13
98685|||11
223289|||9
900726|||4
753745|||4
573386|||34
212853|||5
381976|||4
1050003|||4
955637|||33
408055|||8
1184493|||4
533665|||14
819955|||21
521100|||4
162232|||8
632882|||4
865282|||28
91580|||5
140966|||28
414729|||5
287905|||4
829906|||4
194656|||39
622041|||5
261649|||6
46694|||16
475889|||35
448586|||18
22269|||16
418895|||5
877411|||10
852924|||4
470940|||4
110638|||5
251026|||4
14607|||10
288186|||8
771950|||26
163252|||4
1143586|||4
14195|||13
918611|||4
577143|||11
1107028|||4
669706|||4
544879|||15
30965|||5
835351|||12
102016|||9
329444|||5
1095830|||4
64996|||13
225462|||25
392468|||5
290210|||4
722722|||40
2808|||12
136538|||4
791639|||4
73116|||4
174000|||4
590116|||4
114066|||4
692123|||8
349413|||4
50541|||23
280124|||9
599187|||5
351772|||4
345155|||22
1090246|||8
607706|||12
301273|||4
510986|||5
214298|||4
936574|||15
740773|||28
286432|||4
1131444|||4
587307|||17
1040709|||4
485817|||8
969698|||4
118954|||4
247953|||5
625828|||5
303220|||5
619225|||4
832479|||4
333000|||13
475131|||25
946035|||4
282465|||12
386585|||8
22599|||5
869970|||32
768726|||18
674223|||4
1042247|||16
275659|||14
773134|||4
138549|||4
1062275|||12
1063834|||21
109361|||23
51793|||4
983394|||11
716808|||4
19877|||20
125978|||12
342366|||6
94978|||4
489909|||4
26053|||8
964515|||4
328553|||33
1057130|||15
156402|||13
170264|||4
688070|||15
933450|||19
609148|||4
1077034|||7
296063|||22
430565|||11
562579|||5
527679|||4
414426|||4
630726|||12
21651|||21
397121|||4
828597|||8
973106|||28
238900|||26
9926|||4
133918|||4
1078873|||4
482094|||20
896599|||4
569199|||6
149836|||13
10430|||22
555617|||5
239746|||4
1146301|||4
418437|||17
1046064|||24
762764|||10
315602|||5
1107725|||35
1113889|||4
585355|||4
655002|||4
390222|||8
910802|||7
186455|||4
778093|||4
829145|||4
157643|||18
424475|||4
498843|||4
713967|||21
92615|||4
23610|||10
315628|||5
451481|||5
665068|||8
553332|||9
990546|||4
152863|||19
56058|||4
434572|||7
1029848|||20
325638|||5
131460|||4
352300|||33
575046|||4
517571|||20
318249|||4
925698|||4
11784|||20
401252|||20
828673|||4
234134|||5
140410|||11
825908|||4
12309|||4
361534|||10
148991|||8
467585|||11
501568|||47
407802|||4
816405|||11
203762|||4
616359|||4
231372|||4
638650|||30
287903|||4
767877|||4
376784|||4
612172|||10
6284|||34
417257|||23
586481|||23
189009|||20
219158|||5
6609|||19
1127143|||4
42150|||10
383385|||13
525238|||13
5992|||8
190572|||4
235320|||25
639920|||15
385355|||4
439055|||4
503467|||8
103746|||9
918369|||23
107467|||11
717834|||4
938630|||22
266849|||10
1044396|||4
239661|||21
536331|||13
23361|||30
1154811|||4
380714|||11
1141393|||4
728165|||4
308400|||4
1048257|||9
771008|||4
103543|||4
600178|||4
824467|||4
166566|||4
591720|||5
263377|||8
558631|||7
443778|||35
481256|||18
962851|||5
922078|||17
939925|||4
477317|||8
307746|||4
1173074|||4
1102590|||4
1006206|||4
759075|||8
250614|||10
640089|||4
781471|||8
468503|||4
792190|||4
484459|||26
357780|||4
403918|||5
224752|||4
686851|||21
538591|||30
384455|||14
789150|||4
644875|||20
349221|||4
134372|||4
309217|||22
527801|||4
251414|||4
698635|||7
518696|||17
407038|||9
1026623|||16
456031|||16
981025|||4
506194|||20
570476|||30
689016|||4
8031|||4
947197|||4
374804|||5
356605|||7
1033084|||8
753908|||4
763224|||4
516014|||4
1124733|||4
770036|||14
622601|||9
115495|||4
517609|||10
463411|||20
732502|||4
1046966|||4
49616|||4
907846|||4
1045690|||4
408657|||4
873693|||4
217149|||20
676184|||4
439496|||4
381440|||28
161136|||22
435515|||9
800982|||4
545100|||5
668043|||10
676704|||4
571713|||4
180714|||4
1067489|||4
114329|||4
368176|||11
1024762|||24
1020867|||4
859645|||4
572475|||4
444407|||4
841917|||4
638766|||8
881811|||23
243842|||4
718954|||4
196534|||4
915805|||4
1088388|||18
719852|||4
1063032|||4
921216|||4
1167831|||4
821022|||19
593039|||22
425586|||29
628123|||4
214534|||10
1179338|||4
1160700|||8
442076|||4
724690|||16
248731|||10
171057|||5
1146067|||9
76313|||26
1012052|||13
303506|||4
631474|||4
996766|||16
11935|||4
512026|||23
403756|||27
402842|||18
812614|||4
476311|||10
686964|||4
2822|||4
645822|||5
1118111|||21
325024|||16
97453|||21
816072|||39
215822|||36
922112|||4
1090206|||10
394252|||4
474656|||15
320844|||25
588910|||4
174572|||4
123241|||20
10991|||4
534235|||5
720915|||25
940133|||4
576117|||32
114286|||5
167458|||21
587549|||5
173543|||9
1104738|||11
357038|||4
508655|||4
363126|||18
119602|||13
191214|||7
1064243|||4
751901|||13
375425|||13
1060681|||4
267796|||4
490002|||10
373195|||9
1105494|||4
210905|||37
459693|||4
237568|||23
481104|||4
684014|||4
1024781|||8
345300|||5
923574|||11
52462|||10
154871|||13
247872|||5
668030|||4
941373|||10
735805|||4
126368|||5
222849|||12
266003|||27
605159|||4
1014347|||9
458336|||17
525535|||12
327965|||4
193562|||18
590822|||16
332014|||4
243516|||12
786762|||4
795838|||4
808734|||15
723438|||33
755813|||4
341750|||4
852916|||39
722479|||4
87951|||12
107312|||8
424108|||30
1025361|||4
419606|||4
427799|||4
1049566|||4
497614|||11
849466|||19
1098945|||47
1109542|||4
963651|||4
24693|||8
1028908|||19
40601|||9
311353|||24
225806|||11
579640|||33
943795|||12
645692|||4
1093112|||4
56214|||5
418320|||4
927086|||4
318972|||5
491013|||5
306348|||4
900654|||4
527837|||4
445487|||4
760546|||4
216018|||7
1080398|||4
636676|||11
505999|||20
507680|||11
513137|||11
859626|||7
503595|||4
819070|||4
219720|||19
225993|||5
416004|||19
917438|||8
507536|||4
423355|||4
743592|||11
454782|||4
527506|||4
838271|||4
900934|||4
485710|||4
32010|||4
1173287|||4
766005|||29
174305|||8
527409|||4
133301|||24
1123688|||7
616283|||4
374469|||7
146009|||21
642484|||4
174353|||18
364155|||4
201012|||31
1030651|||4
318159|||13
453682|||4
68940|||34
618653|||4
43772|||4
928518|||4
417119|||9
1110822|||4
910786|||14
917251|||4
224324|||4
53994|||4
1080540|||4
232019|||5
560469|||22
405453|||13
1085743|||4
877123|||20
1012310|||4
875863|||36
794178|||29
187820|||4
769860|||19
957258|||31
1027924|||4
1082520|||4
230198|||4
1177831|||8
106726|||16
125071|||24
57265|||21
1109946|||4
327347|||25
226001|||5
1128433|||30
184014|||4
187472|||11
1057414|||27
313853|||5
606574|||10
985343|||4
39971|||5
130303|||10
529392|||17
664332|||13
165723|||18
289118|||5
1124758|||15
127394|||4
823565|||4
905255|||4
1097493|||6
600988|||5
60863|||5
861283|||4
238166|||4
44203|||31
1168702|||4
643773|||5
281700|||41
527755|||5
737194|||7
219619|||17
1088857|||4
337353|||10
343662|||5
989376|||28
1084257|||28
1099212|||8
775304|||4
997944|||9
379547|||15
1027139|||4
843582|||24
769859|||29
344807|||4
635033|||4
830170|||4
516890|||6
994795|||4
325721|||27
659928|||15
793369|||4
890139|||4
622866|||16
388246|||13
8713|||9
554823|||4
16398|||25
654524|||8
544511|||29
634022|||4
341516|||4
1023843|||4
1019762|||18
681310|||4
370389|||4
54678|||4
207614|||11
503746|||4
811517|||4
511050|||4
447536|||4
473821|||4
226770|||5
639143|||7
108036|||4
873680|||4
332813|||4
9005|||4
718459|||4
644962|||4
458430|||14
899755|||19
572840|||21
1127527|||8
564572|||15
153149|||5
1076404|||23
796971|||19
709306|||4
365540|||4
455107|||10
157800|||9
118009|||4
954247|||4
575151|||4
111329|||9
1090567|||4
1163528|||19
274871|||4
244153|||4
240272|||32
816976|||4
328554|||4
229583|||4
39918|||4
180820|||4
581487|||4
89944|||11
297253|||11
367631|||4
622030|||6
