0
1
4
5
10
11
14
15
16
17
18
19
23
25
27
28
29
30
31
32
38
41
43
45
46
48
50
51
52
53
54
55
56
57
58
59
61
63
64
68
69
70
72
73
74
82
85
86
87
88
89
90
91
92
94
95
96
105
106
107
108
109
110
111
112
114
115
118
119
120
121
122
123
124
128
129
130
131
132
133
138
139
140
142
146
147
150
151
153
154
156
157
158
159
160
161
164
167
171
172
173
174
175
176
185
190
191
194
195
196
204
205
206
207
210
211
212
213
214
215
219
226
232
237
238
242
252
258
259
260
263
264
268
276
278
280
281
282
285
286
287
288
291
293
294
295
296
297
298
299
301
303
305
306
307
313
315
316
319
320
327
335
336
339
343
348
351
353
354
355
356
358
359
360
366
368
373
374
378
379
381
383
385
387
388
392
393
398
399
404
405
406
407
408
410
411
412
415
416
422
425
427
428
434
435
436
437
440
443
444
445
446
448
450
454
455
456
457
458
459
462
465
466
472
474
476
477
481
482
483
489
493
500
509
512
514
516
517
518
519
521
522
523
526
527
531
533
543
545
546
549
553
554
555
556
557
558
561
563
564
566
567
568
570
576
578
579
580
582
586
588
590
591
593
594
595
596
600
602
609
610
611
612
616
618
619
621
622
624
626
628
632
633
634
635
636
639
640
643
644
653
655
660
665
673
674
675
677
678
679
681
682
683
684
687
688
689
690
693
694
704
705
711
712
722
728
730
731
732
734
738
739
740
741
742
743
744
748
750
754
756
761
762
768
770
771
772
773
776
779
781
782
784
787
792
793
794
797
798
799
800
801
802
805
806
808
809
811
812
813
814
815
816
817
822
823
825
827
828
829
835
836
838
839
840
841
842
858
865
866
867
868
874
876
877
879
881
882
885
887
888
889
890
892
896
902
903
904
905
912
913
914
916
925
930
931
933
934
935
937
939
940
942
943
944
945
946
953
959
960
961
962
963
964
967
968
980
981
982
985
987
988
990
992
994
996
999
1004
1005
1006
1007
1011
1020
1021
1022
1023
1024
1025
1026
1027
1028
1029
1030
1031
1037
1038
1039
1040
1042
1043
1045
1061
1066
1067
1068
1069
1072
1077
1079
1080
1086
1087
1089
1090
1091
1092
1093
1096
1098
1100
1101
1102
1103
1104
1108
1111
1112
1118
1119
1120
1123
1124
1125
1127
1129
1132
1134
1135
1136
1142
1143
1144
1146
1148
1150
1156
1164
1173
1175
1177
1180
1181
1183
1184
1185
1186
1187
1188
1189
1190
1193
1194
1200
1201
1202
1203
1204
1205
1207
1209
1210
1212
1213
1214
1215
1217
1222
1225
1226
1230
1231
1233
1234
1235
1236
1237
1244
1245
1246
1247
1251
1252
1263
1267
1269
1276
1277
1278
1279
1281
1284
1291
1293
1298
1301
1304
1307
1310
1312
1313
1314
1316
1317
1318
1319
1320
1321
1323
1325
1326
1327
1329
1331
1332
1337
1338
1341
1343
1344
1345
1348
1349
1350
1351
1352
1353
1357
1358
1360
1361
1362
1363
1372
1374
1380
1381
1386
1387
1389
1390
1403
1404
1405
1406
1408
1416
1417
1419
1421
1422
1423
1426
1427
1431
1433
1434
1435
1438
1440
1452
1453
1454
1455
1458
1459
1461
1462
1468
1469
1470
1471
1472
1473
1474
1475
1477
1479
1480
1481
1486
1487
1488
1490
1491
1494
1497
1501
1504
1507
1509
1511
1512
1514
1515
1529
1533
1535
1536
1537
1538
1539
1542
1543
1550
1562
1563
1565
1568
1575
1578
1579
1581
1582
1587
1589
1590
1592
1593
1594
1595
1596
1599
1600
1601
1603
1604
1606
1607
1608
1609
1610
1611
1612
1620
1622
1623
1624
1625
1627
1628
1637
1638
1641
1642
1643
1647
1649
1650
1654
1655
1657
1661
1662
1665
1666
1667
1668
1671
1672
1676
1677
1678
1679
1680
1682
1683
1684
1685
1687
1688
1694
1695
1696
1699
1706
1710
1711
1713
1714
1715
1716
1720
1721
1722
1723
1729
1733
1737
1739
1746
1747
1748
1749
1756
1757
1758
1759
1766
1767
1768
1769
1770
1771
1772
1773
1775
1779
1783
1789
1790
1792
1793
1794
1798
1800
1803
1806
1807
1808
1809
1811
1813
1817
1824
1825
1827
1830
1831
1839
1840
1841
1842
1843
1846
1847
1850
1851
1864
1866
1867
1868
1869
1874
1879
1880
1885
1888
1890
1892
1893
1894
1898
1899
1900
1907
1909
1910
1911
1912
1913
1916
1917
1918
1920
1921
1922
1923
1924
1925
1927
1928
1929
1932
1934
1937
1940
1942
1943
1945
1947
1949
1951
1952
1957
1958
1961
1964
1965
1973
1974
1975
1979
1982
1991
1992
1996
2000
2001
2002
2004
2005
2006
2008
2009
2014
2018
2020
2021
2023
2025
2032
2036
2044
2045
2046
2049
2051
2052
2053
2056
2057
2058
2061
2064
2066
2067
2071
2072
2074
2075
2076
2077
2081
2083
2089
2092
2093
2094
2095
2096
2100
2101
2102
2103
2104
2105
2106
2107
2108
2109
2117
2118
2119
2120
2123
2124
2125
2132
2133
2135
2137
2138
2139
2142
2143
2144
2146
2147
2149
2153
2154
2155
2156
2161
2163
2164
2165
2166
2167
2169
2170
2172
2174
2175
2176
2177
2178
2179
2180
2181
2183
2184
2190
2195
2198
2199
2206
2208
2209
2210
2211
2218
2219
2220
2221
2222
2226
2235
2238
2239
2245
2249
2251
2252
2254
2271
2276
2283
2285
2286
2287
2289
2291
2292
2293
2295
2299
2300
2301
2302
2303
2306
2308
2309
2310
2311
2313
2314
2315
2316
2317
2318
2319
2320
2321
2324
2327
2335
2336
2337
2339
2340
2346
2348
2349
2351
2352
2353
2354
2355
2357
2361
2362
2364
2366
2371
2375
2376
2377
2378
2380
2381
2382
2383
2384
2386
2389
2390
2393
2394
2396
2397
2398
2399
2400
2401
2403
2404
2410
2414
2415
2416
2417
2427
2428
2433
2435
2439
2440
2452
2455
2456
2457
2458
2463
2466
2467
2468
2469
2470
2474
2476
2478
2482
2483
2486
2487
2491
2500
2512
2514
2516
2517
2527
2528
2529
2536
2537
2538
2550
2553
2554
2560
2562
2563
2566
2577
2578
2585
2586
2593
2595
2597
2598
2599
2600
2602
2607
2617
2618
2619
2620
2621
2622
2624
2626
2627
2628
2629
2630
2634
2635
2636
2637
2638
2640
2641
2644
2647
2648
2651
2652
2653
2654
2655
2656
2664
2672
2675
2677
2679
2683
2686
2688
2689
2691
2692
2693
2694
2700
2701
2702
2703
2704
2705
2714
2716
2718
2719
2720
2721
2722
2723
2725
2726
2727
2728
2729
2730
2731
2732
2735
2736
2737
2742
2743
2744
2745
2746
2747
2748
2749
2751
2752
2753
2754
2755
2762
2763
2764
2765
2766
2767
2771
2773
2774
2778
2779
2780
2781
2782
2783
2784
2785
2795
2805
2809
2811
2812
2813
2814
2815
2816
2817
2818
2821
2824
2829
2830
2833
2837
2838
2840
2841
2842
2843
2844
2846
2847
2848
2850
2851
2854
2856
2857
2859
2860
2861
2867
2872
2874
2876
2882
2883
2884
2889
2896
2897
2904
2905
2907
2909
2913
2914
2916
2919
2920
2921
2922
2923
2924
2926
2929
2932
2933
2935
2936
2937
2938
2945
2946
2956
2957
2959
2963
2964
2967
2968
2970
2982
2985
2986
2987
2995
2999
3002
3005
3006
3007
3008
3010
3011
3012
3013
3018
3019
3020
3021
3028
3031
3032
3035
3036
3037
3038
3039
3042
3044
3046
3047
3048
3051
3053
3058
3059
3063
3064
3065
3066
3069
3071
3073
3074
3075
3079
3080
3082
3083
3087
3092
3093
3094
3095
3096
3097
3098
3100
3101
3104
3107
3109
3110
3112
3115
3116
3118
3126
3128
3134
3135
3136
3139
3150
3151
3152
3153
3154
3155
3156
3157
3158
3159
3160
3161
3167
3172
3174
3181
3182
3183
3184
3186
3187
3189
3190
3194
3197
3199
3200
3201
3202
3205
3207
3208
3209
3212
3215
3216
3220
3234
3235
3236
3239
3243
3244
3245
3246
3248
3251
3252
3253
3257
3261
3263
3264
3269
3271
3272
3273
3274
3281
3282
3287
3288
3289
3290
3291
3292
3293
3294
3297
3298
3301
3302
3305
3306
3307
3310
3313
3314
3315
3320
3321
3322
3323
3324
3325
3326
3330
3333
3335
3336
3337
3338
3339
3340
3344
3345
3346
3349
3351
3356
3357
3358
3363
3365
3367
3373
3374
3375
3376
3381
3382
3383
3384
3388
3393
3396
3397
3398
3399
3411
3413
3415
3416
3424
3425
3426
3427
3428
3430
3431
3432
3434
3435
3436
3441
3442
3443
3445
3447
3448
3449
3452
3461
3469
3471
3473
3474
3475
3477
3480
3481
3482
3484
3485
3486
3488
3489
3491
3492
3493
3494
3497
3498
3499
3502
3505
3507
3508
3512
3514
3515
3520
3521
3522
3534
3537
3538
3539
3542
3543
3546
3547
3548
3549
3555
3561
3575
3579
3581
3583
3584
3587
3588
3589
3590
3594
3595
3597
3598
3599
3600
3602
3603
3607
3612
3613
3614
3615
3618
3619
3620
3621
3622
3626
3628
3630
3634
3635
3636
3637
3638
3640
3644
3645
3649
3656
3657
3658
3659
3662
3663
3666
3669
3672
3674
3675
3677
3678
3679
3681
3682
3683
3684
3686
3689
3690
3691
3692
3695
3697
3699
3702
3703
3704
3705
3708
3711
3714
3715
3716
3718
3721
3722
3723
3724
3725
3732
3735
3736
3738
3741
3742
3745
3747
3754
3755
3757
3758
3759
3760
3764
3765
3766
3767
3768
3773
3776
3785
3788
3794
3796
3800
3807
3810
3811
3813
3814
3820
3821
3822
3823
3824
3827
3833
3835
3836
3843
3847
3849
3851
3852
3853
3854
3855
3862
3863
3864
3865
3867
3868
3869
3870
3871
3873
3880
3882
3884
3887
3892
3893
3894
3897
3902
3903
3904
3905
3906
3907
3911
3917
3918
3919
3924
3926
3927
3930
3931
3932
3938
3940
3942
3943
3944
3949
3951
3955
3956
3964
3965
3970
3973
3974
3977
3981
3982
3983
3984
3988
3989
3990
3991
4003
4004
4005
4010
4019
4020
4021
4023
4024
4025
4028
4030
4032
4036
4037
4038
4045
4046
4050
4057
4058
4060
4061
4063
4064
4067
4076
4077
4078
4079
4080
4081
4084
4085
4088
4093
4098
4100
4102
4103
4104
4105
4106
4107
4108
4109
4110
4111
4112
4113
4118
4122
4124
4125
4132
4133
4137
4138
4139
4140
4142
4143
4154
4155
4156
4157
4160
4161
4162
4167
4168
4169
4171
4176
4177
4180
4182
4183
4184
4186
4187
4188
4189
4190
4191
4192
4193
4195
4196
4198
4199
4203
4208
4209
4211
4212
4213
4215
4218
4219
4220
4226
4228
4229
4231
4232
4234
4235
4237
4238
4239
4241
4243
4244
4245
4248
4250
4251
4252
4256
4258
4260
4261
4263
4272
4273
4277
4281
4284
4287
4288
4289
4290
4295
4305
4306
4307
4322
4323
4324
4326
4334
4335
4336
4337
4339
4340
4341
4342
4346
4347
4349
4350
4353
4357
4359
4361
4362
4365
4367
4368
4371
4374
4375
4380
4381
4382
4393
4394
4395
4396
4400
4401
4402
4410
4411
4415
4420
4422
4423
4424
4425
4426
4432
4433
4434
4435
4437
4439
4444
4445
4447
4452
4455
4457
4459
4461
4463
4464
4466
4467
4468
4469
4472
4476
4478
4480
4481
4482
4483
4484
4485
4489
4491
4492
4494
4495
4498
4500
4501
4503
4504
4505
4507
4508
4509
4512
4524
4534
4535
4536
4539
4546
4547
4548
4549
4552
4553
4554
4555
4556
4557
4559
4561
4562
4563
4566
4567
4569
4571
4572
4576
4587
4591
4592
4593
4595
4597
4606
4607
4609
4611
4612
4613
4614
4616
4617
4618
4620
4621
4623
4625
4626
4629
4635
4636
4637
4638
4639
4641
4642
4643
4644
4645
4646
4647
4649
4654
4656
4658
4659
4661
4662
4665
4666
4668
4675
4676
4684
4685
4686
4687
4691
4692
4693
4697
4698
4699
4700
4702
4703
4705
4709
4716
4718
4719
4722
4724
4726
4727
4728
4729
4731
4732
4734
4739
4740
4741
4742
4743
4744
4745
4749
4751
4753
4754
4755
4757
4759
4760
4761
4762
4763
4764
4765
4776
4778
4783
4784
4790
4791
4792
4799
4800
4802
4807
4808
4811
4812
4813
4814
4828
4829
4830
4831
4836
4846
4849
4850
4851
4852
4853
4854
4858
4862
4864
4866
4867
4869
4870
4871
4872
4873
4874
4876
4882
4887
4888
4889
4891
4897
4903
4904
4905
4908
4910
4912
4913
4917
4918
4919
4920
4926
4927
4931
4933
4936
4947
4948
4949
4951
4952
4959
4962
4963
4964
4965
4968
4972
4975
4977
4980
4981
4982
4983
4987
4989
4990
4991
4992
4993
4994
4996
4998
5000
5001
5002
5004
5005
5006
5007
5009
5013
5017
5018
5024
5025
5028
5029
5037
5041
5042
5043
5044
5045
5046
5047
5048
5049
5050
5051
5052
5054
5062
5064
5067
5069
5071
5072
5073
5076
5083
5084
5085
5087
5088
5093
5094
5095
5096
5097
5101
5102
5109
5113
5114
5116
5126
5127
5128
5131
5132
5133
5134
5135
5136
5138
5140
5144
5145
5147
5148
5149
5151
5152
5153
5154
5155
5156
5157
5158
5160
5162
5164
5165
5166
5167
5169
5170
5171
5172
5173
5174
5175
5180
5184
5185
5188
5189
5199
5202
5207
5209
5210
5211
5212
5225
5226
5229
5233
5239
5242
5244
5245
5246
5249
5251
5252
5253
5257
5258
5259
5262
5263
5264
5268
5270
5273
5276
5279
5283
5284
5286
5287
5290
5291
5292
5295
5301
5302
5308
5310
5312
5317
5325
5329
5333
5334
5335
5336
5337
5338
5341
5342
5343
5345
5347
5349
5350
5352
5353
5356
5357
5361
5362
5364
5370
5372
5390
5391
5395
5397
5398
5399
5400
5402
5412
5413
5417
5421
5423
5425
5426
5431
5433
5437
5440
5443
5444
5449
5450
5462
5463
5467
5468
5469
5470
5471
5474
5475
5477
5478
5484
5485
5487
5488
5490
5495
5496
5499
5500
5501
5503
5504
5506
5507
5509
5513
5514
5515
5516
5517
5522
5523
5524
5537
5538
5539
5544
5545
5548
5550
5551
5553
5556
5557
5558
5559
5563
5567
5568
5569
5571
5572
5574
5575
5580
5582
5583
5584
5587
5588
5592
5595
5597
5598
5601
5602
5603
5604
5605
5608
5611
5612
5613
5614
5616
5617
5618
5623
5624
5627
5629
5630
5631
5645
5648
5649
5652
5653
5654
5656
5658
5662
5668
5671
5672
5673
5674
5675
5676
5684
5689
5690
5691
5694
5695
5696
5700
5701
5702
5703
5704
5707
5708
5709
5710
5711
5712
5713
5714
5715
5722
5725
5726
5728
5731
5732
5733
5734
5736
5738
5741
5743
5744
5748
5752
5754
5755
5763
5764
5765
5766
5767
5769
5770
5776
5779
5780
5782
5783
5785
5788
5789
5792
5795
5798
5799
5802
5803
5804
5805
5806
5807
5808
5809
5810
5813
5815
5823
5834
5844
5845
5851
5852
5853
5854
5855
5856
5858
5862
5863
5864
5865
5866
5867
5868
5870
5871
5882
5886
5891
5893
5894
5899
5900
5901
5902
5903
5915
5916
5917
5919
5922
5923
5924
5925
5931
5934
5937
5938
5939
5943
5945
5946
5947
5949
5950
5951
5955
5956
5957
5959
5961
5967
5969
5970
5976
5978
5983
5984
5985
5986
5987
5991
5992
6000
6001
6002
6006
6007
6011
6019
6020
6021
6022
6025
6031
6037
6042
6043
6044
6046
6047
6048
6049
6050
6054
6057
6058
6059
6062
6063
6069
6079
6080
6081
6082
6083
6084
6090
6091
6092
6094
6108
6114
6117
6119
6124
6125
6126
6127
6130
6131
6132
6134
6136
6138
6139
6141
6142
6144
6145
6146
6147
6148
6150
6153
6154
6166
6170
6176
6178
6179
6181
6183
6184
6185
6186
6187
6197
6198
6203
6204
6205
6206
6208
6209
6210
6211
6213
6214
6218
6220
6221
6222
6227
6228
6229
6230
6232
6233
6234
6235
6236
6237
6238
6239
6240
6242
6243
6246
6251
6252
6253
6254
6255
6256
6258
6259
6260
6261
6262
6273
6274
6275
6276
6277
6278
6279
6280
6281
6282
6283
6284
6285
6286
6289
6293
6295
6298
6304
6305
6306
6307
6309
6312
6314
6316
6318
6323
6324
6326
6329
6331
6332
6333
6334
6335
6339
6340
6341
6342
6343
6344
6346
6347
6348
6349
6350
6351
6361
6363
6366
6372
6379
6382
6390
6394
6406
6412
6415
6417
6418
6420
6427
6436
6437
6440
6441
6442
6447
6449
6450
6451
6452
6453
6454
6455
6458
6459
6461
6462
6464
6465
6467
6468
6472
6479
6480
6482
6483
6485
6486
6487
6488
6491
6493
6495
6496
6497
6499
6503
6504
6506
6507
6510
6512
6513
6514
6515
6516
6518
6519
6520
6522
6523
6526
6528
6533
6535
6536
6537
6538
6539
6540
6542
6543
6550
6552
6553
6558
6560
6561
6562
6575
6576
6579
6581
6584
6585
6586
6587
6590
6594
6595
6596
6597
6602
6604
6605
6606
6609
6610
6611
6615
6624
6627
6632
6634
6635
6638
6639
6640
6641
6642
6643
6648
6655
6664
6668
6674
6675
6676
6677
6681
6682
6684
6686
6689
6690
6691
6692
6694
6697
6700
6701
6702
6709
6710
6712
6715
6721
6722
6724
6727
6728
6729
6731
6733
6734
6735
6736
6739
6740
6742
6743
6744
6746
6747
6756
6759
6761
6762
6773
6774
6775
6776
6780
6782
6783
6784
6792
6793
6794
6796
6797
6798
6800
6801
6816
6819
6821
6822
6823
6824
6826
6827
6828
6831
6833
6834
6835
6836
6837
6838
6839
6841
6842
6843
6844
6850
6851
6852
6855
6856
6857
6860
6861
6863
6864
6866
6867
6869
6871
6873
6874
6875
6876
6881
6888
6897
6898
6900
6901
6902
6903
6906
6909
6918
6920
6922
6923
6925
6926
6927
6930
6931
6934
6936
6939
6940
6941
6942
6946
6947
6951
6952
6953
6956
6958
6959
6962
6963
6979
6980
6981
6982
6983
6984
6989
6990
6991
6993
6994
6998
6999
7000
7001
7014
7015
7017
7018
7021
7024
7030
7031
7033
7038
7043
7044
7047
7054
7055
7057
7061
7065
7066
7067
7068
7069
7070
7071
7072
7074
7075
7076
7077
7078
7079
7082
7083
7085
7087
7090
7091
7092
7093
7094
7095
7096
7097
7098
7099
7102
7103
7110
7111
7112
7113
7114
7118
7125
7126
7131
7132
7134
7136
7138
7139
7140
7145
7148
7155
7158
7159
7160
7161
7163
7164
7165
7168
7170
7172
7175
7176
7177
7184
7195
7196
7197
7199
7200
7202
7203
7204
7205
7206
7207
7210
7212
7213
7220
7222
7223
7226
7228
7229
7230
7231
7234
7247
7249
7250
7251
7252
7253
7254
7256
7257
7262
7268
7269
7270
7271
7272
7274
7277
7281
7282
7286
7288
7292
7293
7295
7296
7297
7299
7301
7303
7305
7308
7309
7310
7312
7313
7314
7321
7322
7326
7329
7331
7332
7333
7334
7335
7337
7340
7348
7352
7353
7354
7356
7360
7367
7368
7372
7373
7377
7379
7382
7385
7386
7387
7388
7391
7393
7395
7396
7397
7399
7401
7406
7410
7413
7414
7415
7416
7421
7422
7424
7425
7426
7429
7430
7437
7438
7440
7441
7444
7452
7455
7457
7458
7459
7462
7466
7471
7472
7473
7479
7480
7485
7486
7487
7488
7491
7498
7505
7507
7511
7512
7515
7516
7517
7519
7520
7521
7523
7524
7527
7534
7536
7541
7542
7544
7551
7552
7553
7554
7557
7558
7559
7560
7561
7568
7570
7571
7575
7576
7578
7579
7580
7581
7587
7589
7591
7592
7594
7598
7599
7600
7603
7604
7605
7606
7607
7609
7610
7615
7616
7618
7619
7622
7623
7624
7625
7627
7630
7631
7641
7642
7643
7644
7645
7660
7661
7662
7663
7667
7669
7671
7677
7679
7680
7681
7684
7686
7688
7689
7693
7695
7696
7700
7702
7703
7704
7705
7706
7715
7716
7717
7719
7720
7724
7725
7726
7728
7739
7740
7741
7744
7745
7746
7747
7748
7753
7754
7756
7757
7759
7760
7761
7766
7768
7771
7772
7777
7784
7785
7786
7787
7788
7791
7792
7793
7795
7801
7802
7803
7807
7809
7810
7816
7819
7821
7825
7829
7830
7832
7833
7834
7835
7836
7837
7838
7839
7843
7844
7846
7850
7851
7856
7859
7860
7861
7865
7866
7868
7871
7873
7876
7878
7879
7881
7889
7890
7898
7901
7903
7914
7915
7917
7919
7920
7921
7922
7924
7925
7929
7939
7940
7941
7944
7949
7954
7955
7956
7963
7965
7967
7977
7980
7981
7983
7984
7988
7989
7990
7991
7992
7996
7997
7998
7999
8000
8003
8004
8005
8006
8007
8011
8012
8013
8014
8016
8018
8020
8021
8022
8023
8024
8025
8026
8027
8028
8030
8032
8033
8038
8040
8043
8044
8045
8047
8049
8050
8053
8056
8057
8058
8059
8061
8062
8063
8064
8065
8067
8077
8078
8079
8083
8084
8089
8090
8091
8092
8093
8094
8095
8103
8104
8105
8108
8111
8113
8116
8118
8119
8120
8121
8122
8123
8126
8129
8132
8133
8134
8135
8136
8137
8139
8140
8141
8142
8143
8145
8146
8147
8155
8156
8157
8158
8159
8161
8166
8167
8168
8169
8172
8173
8177
8179
8180
8181
8182
8183
8184
8186
8187
8188
8189
8191
8192
8193
8196
8199
8212
8216
8217
8219
8220
8221
8222
8235
8242
8243
8246
8247
8255
8256
8257
8258
8259
8260
8263
8264
8265
8267
8268
8269
8270
8273
8274
8275
8276
8277
8278
8280
8281
8286
8287
8290
8295
8296
8297
8298
8300
8303
8306
8308
8310
8311
8312
8313
8314
8315
8316
8317
8328
8330
8337
8339
8342
8344
8346
8349
8350
8351
8364
8365
8368
8370
8374
8376
8378
8381
8382
8383
8384
8385
8389
8392
8393
8394
8396
8398
8400
8401
8402
8404
8405
8412
8414
8415
8416
8417
8419
8422
8423
8424
8429
8430
8431
8432
8437
8441
8442
8443
8444
8445
8446
8447
8448
8451
8459
8460
8461
8468
8470
8471
8473
8474
8477
8478
8479
8483
8484
8488
8489
8490
8491
8495
8496
8497
8498
8505
8506
8507
8508
8509
8520
8522
8523
8525
8527
8529
8531
8535
8536
8537
8538
8539
8542
8543
8544
8547
8553
8554
8559
8562
8563
8565
8566
8567
8568
8569
8570
8571
8572
8574
8575
8576
8577
8581
8583
8584
8585
8586
8587
8588
8589
8590
8591
8592
8598
8601
8602
8611
8612
8613
8615
8616
8617
8618
8619
8620
8621
8622
8624
8625
8626
8630
8632
8634
8636
8637
8638
8639
8640
8641
8643
8644
8647
8653
8660
8661
8662
8665
8666
8667
8668
8670
8673
8675
8676
8677
8678
8679
8680
8681
8682
8687
8688
8689
8690
8691
8693
8694
8700
8701
8702
8703
8704
8707
8712
8715
8721
8726
8727
8728
8729
8730
8732
8733
8734
8737
8738
8739
8741
8742
8758
8761
8762
8765
8766
8771
8772
8774
8775
8777
8782
8783
8786
8787
8789
8790
8791
8794
8796
8797
8798
8799
8800
8801
8805
8807
8811
8816
8817
8820
8821
8822
8823
8824
8826
8827
8828
8829
8830
8836
8837
8838
8839
8840
8844
8845
8846
8847
8849
8852
8854
8855
8858
8859
8860
8862
8863
8865
8866
8875
8876
8879
8881
8883
8884
8885
8886
8888
8889
8890
8891
8892
8893
8895
8896
8897
8898
8899
8900
8902
8903
8904
8907
8908
8909
8911
8912
8913
8914
8915
8916
8917
8918
8919
8920
8921
8922
8923
8925
8928
8929
8930
8931
8932
8933
8937
8944
8954
8956
8961
8962
8963
8965
8966
8968
8969
8972
8973
8977
8980
8982
8983
8984
8985
8986
8993
8995
8997
9001
9002
9003
9004
9005
9006
9007
9009
9011
9012
9013
9014
9015
9016
9017
9019
9022
9023
9026
9027
9029
9030
9031
9032
9035
9036
9037
9038
9039
9040
9041
9049
9050
9051
9053
9054
9055
9056
9057
9058
9060
9061
9065
9066
9068
9069
9075
9077
9078
9080
9082
9083
9086
9087
9088
9089
9090
9102
9104
9105
9108
9110
9115
9118
9121
9122
9123
9124
9132
9135
9140
9141
9142
9145
9153
9154
9157
9159
9162
9163
9173
9176
9180
9182
9185
9186
9188
9189
9191
9193
9194
9195
9198
9199
9200
9201
9202
9203
9205
9206
9209
9210
9211
9215
9218
9219
9220
9221
9227
9228
9229
9230
9231
9238
9242
9245
9247
9248
9249
9251
9253
9255
9256
9258
9260
9261
9263
9271
9273
9274
9275
9276
9280
9293
9298
9299
9300
9301
9303
9304
9305
9306
9307
9308
9309
9310
9317
9318
9320
9322
9341
9343
9344
9346
9347
9348
9349
9350
9351
9353
9354
9355
9360
9369
9372
9373
9374
9375
9382
9384
9386
9387
9388
9390
9392
9397
9407
9408
9409
9411
9412
9415
9416
9417
9418
9419
9420
9421
9433
9434
9435
9436
9447
9448
9452
9453
9454
9455
9456
9458
9459
9462
9463
9468
9474
9480
9481
9483
9484
9486
9490
9492
9495
9498
9499
9500
9503
9506
9507
9508
9509
9510
9511
9512
9513
9516
9517
9518
9519
9520
9521
9522
9524
9525
9526
9527
9536
9541
9542
9543
9544
9546
9549
9550
9551
9552
9555
9557
9559
9560
9561
9562
9564
9569
9571
9572
9581
9582
9583
9591
9592
9593
9594
9597
9602
9606
9609
9610
9612
9618
9627
9630
9635
9637
9641
9646
9647
9651
9652
9653
9654
9655
9656
9657
9659
9660
9661
9662
9666
9667
9669
9671
9672
9673
9674
9678
9681
9682
9683
9685
9687
9688
9689
9695
9696
9697
9698
9699
9700
9707
9711
9712
9713
9714
9715
9716
9720
9723
9724
9725
9726
9728
9729
9731
9732
9739
9740
9742
9748
9749
9750
9751
9757
9759
9761
9762
9763
9764
9765
9766
9772
9773
9774
9776
9777
9778
9779
9780
9787
9789
9796
9797
9798
9800
9801
9802
9807
9810
9811
9812
9813
9814
9815
9821
9833
9838
9839
9840
9841
9843
9844
9849
9852
9853
9854
9855
9861
9864
9865
9866
9867
9869
9870
9871
9875
9876
9881
9884
9885
9887
9888
9889
9891
9892
9893
9894
9896
9897
9899
9900
9905
9907
9909
9917
9919
9929
9930
9931
9932
9939
9940
9946
9954
9955
9957
9960
9967
9969
9971
9975
9976
9979
9980
9984
9985
9989
9990
9991
9996
10003
10004
10005
10011
10012
10013
10014
10015
10019
10025
10026
10029
10034
10035
10036
10037
10039
10041
10042
10043
10046
10047
10058
10063
10065
10066
10071
10075
10076
10077
10080
10084
10087
10088
10089
10093
10095
10096
10097
10098
10100
10101
10102
10103
10105
10112
10113
10115
10116
10117
10118
10119
10120
10123
10129
10134
10135
10136
10137
10138
10139
10146
10150
10151
10152
10153
10155
10157
10159
10166
10169
10171
10172
10174
10176
10179
10180
10185
10186
10187
10188
10189
10190
10191
10193
10194
10196
10206
10208
10210
10211
10214
10215
10219
10220
10225
10230
10232
10233
10235
10236
10237
10238
10242
10248
10255
10259
10261
10262
10263
10266
10268
10272
10274
10276
10277
10278
10279
10280
10284
10285
10287
10288
10289
10290
10296
10297
10298
10299
10301
10309
10310
10314
10315
10316
10321
10322
10323
10324
10325
10327
10330
10334
10335
10340
10341
10345
10346
10348
10349
10350
10354
10355
10364
10365
10368
10369
10377
10378
10380
10381
10388
10390
10393
10394
10395
10397
10400
10407
10408
10409
10415
10417
10419
10420
10421
10422
10423
10424
10425
10426
10430
10431
10432
10433
10444
10447
10449
10453
10455
10456
10458
10459
10461
10463
10465
10466
10467
10468
10472
10473
10477
10479
10484
10490
10491
10493
10494
10496
10497
10498
10499
10501
10504
10512
10518
10519
10521
10525
10526
10527
10529
10531
10533
10535
10538
10539
10543
10544
10546
10547
10548
10550
10553
10554
10555
10557
10558
10559
10560
10563
10564
10567
10568
10570
10574
10575
10576
10577
10578
10579
10581
10583
10589
10590
10592
10593
10594
10596
10598
10600
10601
10602
10608
10610
10612
10615
10624
10626
10629
10631
10635
10636
10637
10645
10646
10649
10650
10651
10652
10653
10654
10656
10658
10663
10670
10671
10672
10673
10675
10676
10677
10678
10683
10686
10687
10688
10689
10690
10695
10701
10702
10703
10706
10709
10710
10712
10715
10716
10718
10720
10721
10726
10737
10740
10741
10743
10744
10746
10747
10748
10749
10754
10755
10759
10762
10763
10765
10766
10767
10769
10770
10772
10773
10774
10775
10779
10781
10784
10786
10787
10788
10789
10792
10793
10794
10800
10801
10806
10809
10812
10815
10817
10826
10827
10834
10836
10838
10840
10841
10842
10846
10848
10849
10861
10862
10865
10866
10873
10883
10884
10892
10893
10894
10896
10904
10909
10915
10918
10925
10927
10928
10937
10939
10940
10942
10943
10947
10951
10952
10953
10954
10955
10956
10957
10958
10962
10963
10964
10965
10966
10967
10968
10970
10971
10972
10973
10974
10977
10980
10981
10982
10983
10984
10986
10987
10988
10989
10990
10996
10997
10998
11000
11003
11004
11005
11008
11018
11024
11026
11029
11032
11034
11035
11036
11039
11041
11042
11043
11044
11048
11053
11060
11061
11062
11063
11064
11065
11066
11069
11071
11072
11073
11074
11079
11088
11091
11095
11096
11101
11104
11105
11106
11107
11108
11113
11114
11116
11117
11118
11119
11121
11122
11123
11124
11125
11126
11127
11128
11129
11133
11135
11137
11138
11141
11142
11147
11152
11153
11154
11155
11156
11161
11165
11167
11168
11169
11170
11176
11177
11178
11181
11182
11191
11193
11194
11195
11196
11198
11201
11202
11204
11206
11211
11216
11218
11219
11225
11226
11227
11231
11233
11234
11236
11241
11244
11245
11246
11247
11248
11249
11251
11252
11253
11256
11257
11258
11259
11260
11261
11262
11263
11264
11268
11269
11271
11276
11283
11285
11286
11288
11289
11293
11294
11295
11296
11297
11298
11299
11300
11301
11305
11308
11309
11310
11313
11314
11317
11319
11324
11325
11327
11331
11334
11337
11338
11340
11341
11350
11353
11354
11355
11357
11360
11361
11367
11369
11370
11375
11376
11377
11379
11380
11382
11387
11389
11392
11393
11395
11396
11397
11398
11399
11401
11403
11404
11405
11407
11409
11410
11411
11418
11419
11421
11422
11424
11427
11428
11429
11430
11434
11435
11438
11440
11441
11442
11443
11444
11449
11457
11459
11461
11465
11466
11467
11468
11469
11470
11471
11472
11473
11476
11481
11486
11487
11488
11491
11492
11494
11495
11496
11497
11503
11505
11506
11507
11508
11509
11511
11512
11513
11516
11517
11518
11522
11523
11524
11526
11533
11536
11542
11544
11545
11546
11553
11554
11556
11562
11563
11578
11580
11585
11591
11592
11593
11596
11597
11598
11599
11600
11601
11605
11606
11607
11609
11614
11616
11618
11622
11628
11629
11630
11633
11635
11637
11638
11639
11642
11643
11648
11652
11655
11660
11662
11664
11665
11667
11669
11674
11675
11676
11678
11681
11683
11684
11685
11692
11693
11695
11702
11710
11711
11712
11713
11714
11715
11717
11722
11726
11727
11728
11729
11730
11731
11732
11733
11734
11740
11741
11745
11746
11754
11755
11756
11757
11765
11767
11770
11771
11772
11775
11780
11782
11783
11786
11787
11793
11795
11796
11797
11798
11804
11810
11811
11814
11816
11820
11823
11824
11825
11828
11829
11830
11834
11835
11836
11838
11839
11841
11842
11844
11845
11850
11851
11852
11866
11867
11869
11870
11871
11872
11875
11876
11877
11878
11879
11880
11882
11883
11884
11885
11887
11888
11889
11891
11893
11898
11899
11901
11903
11904
11905
11914
11915
11916
11917
11921
11924
11927
11930
11934
11935
11936
11937
11938
11939
11942
11943
11944
11945
11946
11947
11948
11949
11954
11955
11956
11957
11958
11963
11964
11970
11971
11976
11980
11981
11982
11985
11987
11988
11989
11991
11992
11993
11995
11999
12000
12001
12008
12012
12013
12016
12017
12018
12019
12020
12021
12022
12024
12032
12034
12036
12037
12040
12041
12054
12058
12061
12064
12065
12067
12069
12080
12083
12084
12085
12088
12093
12094
12095
12097
12101
12102
12107
12117
12118
12119
12120
12121
12122
12123
12126
12127
12129
12132
12134
12135
12136
12137
12138
12139
12140
12141
12143
12145
12146
12147
12148
12149
12150
12152
12153
12155
12156
12161
12162
12163
12164
12165
12167
12169
12170
12172
12177
12178
12185
12187
12188
12189
12190
12193
12198
12199
12200
12204
12206
12207
12209
12210
12211
12213
12214
12219
12223
12225
12228
12237
12238
12244
12247
12248
12249
12251
12252
12253
12254
12267
12269
12270
12273
12274
12275
12277
12278
12279
12280
12283
12294
12298
12300
12305
12306
12307
12308
12309
12310
12311
12312
12313
12314
12318
12323
12324
12329
12330
12333
12334
12335
12339
12343
12345
12346
12347
12350
12351
12353
12355
12361
12363
12364
12368
12369
12372
12374
12375
12376
12379
12380
12381
12382
12383
12384
12385
12387
12389
12390
12391
12399
12401
12402
12404
12406
12407
12408
12409
12410
12411
12415
12416
12417
12418
12419
12420
12421
12429
12431
12436
12437
12438
12439
12440
12441
12446
12455
12458
12459
12460
12462
12465
12467
12470
12472
12473
12474
12475
12476
12479
12480
12482
12486
12487
12488
12492
12494
12495
12496
12497
12500
12505
12507
12509
12510
12512
12513
12514
12515
12516
12517
12523
12524
12526
12528
12533
12539
12541
12542
12543
12544
12545
12549
12552
12553
12554
12556
12557
12562
12564
12565
12568
12569
12572
12574
12575
12576
12578
12579
12580
12581
12582
12583
12584
12588
12589
12592
12593
12596
12597
12599
12603
12604
12605
12606
12607
12613
12614
12615
12625
12626
12631
12633
12634
12636
12639
12649
12650
12651
12652
12655
12656
12657
12658
12659
12660
12662
12664
12665
12666
12667
12669
12671
12683
12684
12685
12686
12690
12692
12693
12694
12695
12700
12701
12702
12703
12704
12705
12706
12707
12711
12712
12713
12714
12715
12716
12719
12721
12727
12728
12729
12730
12733
12734
12735
12740
12745
12746
12747
12748
12750
12753
12762
12764
12765
12767
12770
12772
12776
12779
12780
12782
12783
12784
12785
12786
12787
12788
12789
12790
12791
12792
12795
12798
12802
12803
12804
12809
12810
12811
12815
12821
12822
12824
12827
12828
12829
12830
12832
12835
12836
12837
12838
12839
12840
12841
12844
12855
12860
12865
12867
12869
12872
12875
12876
12885
12886
12887
12891
12893
12895
12896
12901
12903
12907
12908
12909
12912
12913
12914
12915
12916
12917
12918
12924
12926
12931
12932
12933
12934
12936
12938
12940
12944
12946
12947
12951
12954
12955
12959
12960
12961
12962
12967
12969
12970
12971
12975
12976
12977
12979
12980
12986
12988
12989
12990
12991
12992
12996
12997
12999
13001
13002
13008
13009
13010
13011
13012
13014
13018
13019
13021
13022
13023
13024
13028
13029
13032
13033
13034
13037
13038
13045
13046
13048
13049
13050
13052
13055
13056
13057
13058
13059
13066
13067
13068
13070
13072
13074
13075
13076
13077
13079
13081
13086
13087
13088
13089
13093
13094
13095
13096
13097
13100
13106
13107
13108
13109
13117
13119
13120
13123
13126
13127
13130
13131
13132
13133
13134
13135
13136
13138
13139
13140
13143
13144
13145
13148
13149
13150
13152
13157
13159
13162
13164
13167
13168
13169
13170
13172
13173
13174
13177
13178
13179
13180
13181
13188
13190
13191
13192
13193
13198
13203
13204
13205
13209
13211
13212
13213
13214
13216
13217
13229
13230
13233
13234
13236
13237
13238
13240
13241
13243
13247
13248
13251
13252
13255
13256
13258
13259
13260
13261
13262
13268
13269
13270
13271
13278
13286
13289
13290
13291
13292
13296
13297
13298
13299
13300
13301
13304
13305
13306
13307
13308
13311
13312
13313
13314
13315
13316
13325
13327
13328
13335
13336
13337
13339
13340
13347
13348
13349
13350
13351
13352
13356
13359
13360
13362
13363
13364
13367
13368
13372
13373
13375
13378
13380
13381
13382
13385
13392
13394
13396
13401
13402
13403
13404
13405
13408
13410
13411
13412
13413
13414
13415
13416
13418
13422
13423
13424
13425
13427
13435
13436
13438
13439
13440
13441
13446
13450
13451
13452
13454
13455
13456
13464
13465
13466
13467
13468
13469
13470
13471
13473
13475
13479
13480
13483
13484
13485
13486
13487
13488
13491
13492
13493
13501
13502
13503
13505
13508
13512
13516
13527
13528
13531
13532
13535
13537
13539
13540
13541
13542
13543
13544
13545
13546
13547
13548
13549
13552
13553
13554
13555
13557
13559
13560
13561
13562
13563
13564
13565
13566
13567
13568
13570
13571
13572
13573
13575
13577
13578
13584
13588
13589
13590
13591
13592
13593
13594
13595
13596
13598
13599
13603
13608
13611
13612
13613
13614
13615
13616
13617
13618
13619
13621
13623
13624
13629
13630
13634
13636
13640
13643
13645
13646
13648
13649
13651
13653
13654
13655
13657
13658
13664
13665
13666
13670
13673
13674
13675
13676
13677
13679
13683
13684
13685
13686
13688
13689
13690
13691
13695
13697
13698
13699
13700
13705
13711
13714
13721
13722
13723
13724
13725
13726
13728
13729
13730
13733
13740
13750
13751
13758
13759
13767
13768
13774
13775
13778
13780
13781
13782
13783
13784
13786
13790
13791
13793
13794
13795
13796
13798
13799
13800
13805
13806
13807
13810
13812
13814
13815
13816
13817
13818
13819
13820
13828
13831
13832
13836
13837
13838
13839
13842
13843
13845
13847
13849
13850
13851
13854
13856
13858
13861
13869
13870
13873
13874
13875
13878
13880
13893
13897
13898
13901
13903
13907
13908
13909
13910
13911
13912
13913
13914
13918
13919
13922
13923
13925
13926
13927
13931
13934
13935
13936
13937
13945
13947
13951
13956
13957
13960
13961
13962
13963
13966
13967
13968
13969
13970
13977
13979
13984
13989
13990
13995
14003
14004
14012
14013
14014
14015
14026
14027
14028
14031
14032
14033
14037
14039
14041
14042
14043
14045
14047
14048
14049
14050
14051
14052
14053
14056
14060
14063
14064
14065
14066
14071
14074
14075
14076
14077
14078
14079
14080
14081
14082
14083
14084
14087
14091
14093
14099
14100
14101
14102
14103
14108
14112
14113
14115
14120
14122
14123
14130
14132
14133
14136
14138
14139
14140
14144
14151
14152
14153
14156
14158
14160
14161
14162
14163
14164
14170
14171
14172
14174
14175
14176
14180
14183
14185
14188
14190
14191
14193
14196
14204
14205
14207
14213
14218
14219
14221
14222
14223
14224
14228
14229
14233
14237
14239
14240
14241
14242
14243
14245
14250
14251
14253
14258
14259
14264
14266
14267
14270
14273
14275
14276
14279
14282
14283
14284
14285
14286
14287
14288
14292
14297
14298
14301
14303
14305
14306
14307
14308
14310
14312
14313
14316
14318
14319
14322
14323
14324
14327
14328
14329
14333
14335
14336
14339
14340
14341
14342
14344
14346
14348
14349
14350
14353
14354
14358
14360
14361
14362
14363
14365
14366
14367
14369
14370
14371
14376
14377
14378
14380
14381
14384
14385
14386
14387
14388
14390
14397
14401
14402
14403
14405
14409
14410
14411
14414
14417
14418
14419
14422
14427
14428
14431
14434
14436
14438
14442
14444
14449
14451
14452
14455
14457
14458
14459
14461
14462
14467
14468
14470
14472
14479
14482
14483
14487
14488
14489
14490
14491
14492
14493
14494
14497
14498
14499
14500
14506
14509
14510
14516
14517
14518
14519
14520
14521
14522
14524
14525
14526
14528
14531
14532
14533
14535
14536
14537
14538
14540
14541
14542
14543
14544
14549
14550
14552
14553
14554
14558
14559
14562
14563
14564
14566
14571
14572
14573
14574
14575
14576
14577
14578
14584
14586
14587
14588
14591
14592
14594
14597
14599
14602
14604
14608
14612
14615
14618
14620
14621
14622
14623
14626
14627
14629
14632
14633
14634
14636
14638
14644
14645
14646
14647
14648
14649
14650
14651
14652
14653
14654
14657
14660
14662
14664
14666
14667
14668
14670
14674
14677
14680
14684
14685
14688
14689
14694
14695
14696
14699
14700
14702
14703
14704
14705
14712
14714
14715
14717
14718
14719
14720
14732
14733
14734
14737
14739
14740
14742
14743
14744
14745
14746
14747
14748
14749
14754
14757
14758
14759
14760
14761
14762
14764
14766
14767
14768
14769
14771
14772
14773
14774
14776
14777
14778
14787
14788
14789
14790
14792
14799
14800
14806
14809
14810
14811
14812
14813
14814
14815
14816
14821
14822
14823
14824
14828
14831
14832
14833
14835
14839
14842
14845
14846
14850
14851
14852
14853
14855
14856
14858
14860
14862
14865
14866
14869
14871
14872
14876
14883
14884
14893
14894
14895
14896
14897
14898
14899
14901
14903
14905
14906
14909
14910
14911
14913
14914
14916
14917
14918
14921
14922
14923
14926
14927
14928
14930
14931
14933
14941
14942
14946
14947
14948
14949
14950
14951
14954
14955
14956
14958
14959
14962
14964
14965
14966
14967
14972
14973
14974
14980
14981
14982
14983
14984
14985
14987
14988
14989
14993
14996
14997
14998
14999
15002
15004
15005
15006
15013
15014
15015
15016
15017
15018
15019
15020
15021
15025
15027
15028
15029
15030
15031
15036
15037
15038
15039
15040
15041
15045
15047
15049
15050
15051
15054
15058
15059
15060
15061
15064
15065
15066
15069
15071
15073
15078
15079
15080
15081
15082
15085
15089
15090
15092
15101
15102
15104
15107
15112
15114
15115
15116
15118
15119
15120
15122
15132
15134
15138
15139
15145
15146
15148
15149
15154
15158
15161
15162
15169
15170
15173
15174
15177
15178
15185
15186
15194
15195
15196
15197
15199
15203
15206
15210
15211
15212
15214
15215
15216
15218
15219
15222
15223
15225
15226
15227
15229
15235
15238
15239
15243
15244
15245
15247
15250
15251
15253
15254
15257
15260
15261
15262
15263
15266
15267
15269
15271
15275
15277
15285
15286
15287
15288
15289
15290
15292
15293
15294
15295
15296
15301
15303
15304
15305
15306
15309
15310
15311
15312
15313
15314
15316
15318
15325
15328
15329
15330
15334
15337
15339
15341
15343
15347
15354
15359
15360
15362
15366
15367
15370
15371
15372
15373
15374
15376
15379
15380
15381
15390
15391
15394
15395
15396
15397
15398
15399
15401
15409
15410
15413
15414
15415
15416
15418
15419
15420
15422
15425
15428
15429
15431
15432
15434
15435
15436
15437
15438
15443
15445
15451
15452
15453
15454
15464
15471
15472
15476
15479
15480
15481
15482
15483
15485
15489
15490
15492
15501
15502
15503
15506
15507
15508
15509
15510
15511
15515
15516
15518
15519
15521
15524
15527
15529
15533
15534
15535
15536
15542
15549
15550
15551
15552
15561
15563
15564
15565
15566
15567
15580
15589
15592
15594
15595
15601
15602
15604
15605
15607
15610
15611
15612
15615
15617
15619
15620
15621
15622
15623
15624
15629
15630
15631
15633
15634
15638
15639
15640
15642
15646
15650
15651
15652
15654
15655
15656
15657
15662
15669
15670
15672
15677
15678
15681
15682
15684
15687
15688
15689
15694
15696
15698
15699
15700
15703
15707
15708
15711
15713
15714
15718
15719
15720
15721
15724
15725
15726
15730
15731
15733
15734
15735
15736
